time	track	channel	bar	pitch	volume	instrument
16	1	1	0	79
24	1	1	0	79
24	2	2	0	72
24	1	1	0	87
32	1	1	1	87
32	2	2	1	79
32	2	2	1	75
32	1	1	1	87
32	2	2	1	72
36	1	1	1	89
36	1	1	1	87
40	1	1	1	89
40	1	1	1	91
48	1	1	1	86
48	1	1	1	91
48	2	2	1	70
48	2	2	1	75
48	2	2	1	79
56	2	2	2	70
56	2	2	2	77
56	2	2	2	74
56	1	1	2	86
56	1	1	2	94
72	1	1	2	84
72	1	1	2	94
72	2	2	2	68
72	2	2	2	74
72	2	2	2	77
80	1	1	3	84
80	1	1	3	84
80	2	2	3	75
80	2	2	3	68
80	2	2	3	72
84	1	1	3	84
84	1	1	3	86
88	1	1	3	86
88	1	1	3	87
96	1	1	3	87
96	1	1	3	82
96	2	2	3	75
96	2	2	3	67
96	2	2	3	72
104	1	1	4	82
104	1	1	4	91
104	2	2	4	74
104	2	2	4	70
104	2	2	4	67
120	1	1	4	80
120	2	2	4	70
120	2	2	4	74
120	2	2	4	65
120	1	1	4	91
128	1	1	5	80
128	1	1	5	80
128	2	2	5	72
128	2	2	5	68
128	2	2	5	65
132	1	1	5	80
132	1	1	5	82
136	1	1	5	82
136	1	1	5	84
144	2	2	5	72
144	2	2	5	70
144	2	2	5	68
144	1	1	5	84
144	1	1	5	86
152	1	1	6	86
152	1	1	6	84
152	2	2	6	74
152	2	2	6	70
152	2	2	6	77
160	1	1	6	82
160	1	1	6	84
168	1	1	6	79
168	1	1	6	82
168	2	2	6	74
168	2	2	6	63
168	2	2	6	77
176	2	2	7	70
176	2	2	7	67
176	2	2	7	63
184	1	1	7	77
184	1	1	7	79
192	1	1	7	79
192	1	1	7	77
192	2	2	7	67
192	2	2	7	70
192	2	2	7	67
200	2	2	8	67
200	2	2	8	71
200	2	2	8	74
208	1	1	8	79
208	1	1	8	79
216	2	2	8	74
216	2	2	8	72
216	1	1	8	79
216	1	1	8	87
216	2	2	8	71
224	1	1	9	87
224	1	1	9	87
224	2	2	9	72
224	2	2	9	75
224	2	2	9	79
228	1	1	9	87
228	1	1	9	89
232	1	1	9	89
232	1	1	9	91
240	2	2	9	75
240	2	2	9	70
240	2	2	9	79
240	1	1	9	91
240	1	1	9	86
248	1	1	10	86
248	1	1	10	94
248	2	2	10	70
248	2	2	10	74
248	2	2	10	77
264	1	1	10	94
264	1	1	10	84
264	2	2	10	74
264	2	2	10	77
264	2	2	10	68
272	2	2	11	68
272	2	2	11	75
272	1	1	11	84
272	1	1	11	84
272	2	2	11	72
276	1	1	11	84
276	1	1	11	86
280	1	1	11	86
280	1	1	11	87
288	1	1	11	82
288	1	1	11	87
288	2	2	11	67
288	2	2	11	72
288	2	2	11	75
296	1	1	12	91
296	1	1	12	82
296	2	2	12	74
296	2	2	12	70
296	2	2	12	67
312	1	1	12	80
312	2	2	12	70
312	2	2	12	65
312	2	2	12	74
312	1	1	12	91
320	1	1	13	80
320	1	1	13	82
320	2	2	13	68
320	2	2	13	72
320	2	2	13	65
328	1	1	13	82
328	1	1	13	84
336	2	2	13	68
336	2	2	13	72
336	2	2	13	70
336	1	1	13	84
336	1	1	13	86
344	1	1	14	86
344	1	1	14	84
344	2	2	14	74
344	2	2	14	77
344	2	2	14	70
352	1	1	14	82
352	1	1	14	84
360	1	1	14	84
360	1	1	14	82
360	2	2	14	77
360	2	2	14	72
360	2	2	14	74
368	2	2	15	67
368	2	2	15	72
376	1	1	15	84
376	2	2	15	67
376	2	2	15	63
385	2	2	15	63
385	2	2	15	60
401	1	1	16	67
401	2	2	16	60
409	1	1	16	67
409	1	1	16	75
409	2	2	16	48
409	3	3	16	48
413	2	2	17	55
417	1	1	17	75
417	1	1	17	75
417	2	2	17	63
421	1	1	17	77
421	1	1	17	75
421	2	2	17	55
425	1	1	17	79
425	1	1	17	77
433	1	1	17	74
433	1	1	17	79
433	2	2	17	63
433	2	2	17	46
433	2	2	17	48
433	3	3	17	48
433	3	3	17	46
437	2	2	18	53
441	1	1	18	82
441	2	2	18	62
441	1	1	18	74
453	2	2	18	53
457	1	1	18	82
457	1	1	18	72
457	2	2	18	46
457	2	2	18	62
457	2	2	18	44
457	3	3	18	44
457	3	3	18	46
461	2	2	19	51
465	2	2	19	60
465	1	1	19	72
465	1	1	19	72
469	1	1	19	74
469	1	1	19	72
473	1	1	19	75
473	1	1	19	74
477	2	2	19	51
481	1	1	19	70
481	1	1	19	75
481	2	2	19	43
481	2	2	19	44
481	2	2	19	60
481	3	3	19	44
481	3	3	19	43
485	2	2	20	50
489	1	1	20	79
489	2	2	20	58
489	1	1	20	70
501	2	2	20	50
505	1	1	20	79
505	1	1	20	68
505	2	2	20	58
505	2	2	20	43
505	2	2	20	41
505	3	3	20	41
505	3	3	20	43
509	2	2	21	48
513	1	1	21	68
513	2	2	21	56
513	1	1	21	68
517	1	1	21	70
517	1	1	21	68
521	1	1	21	70
521	1	1	21	72
525	2	2	21	48
529	1	1	21	72
529	1	1	21	74
529	2	2	21	41
529	2	2	21	56
529	2	2	21	46
529	3	3	21	41
529	3	3	21	46
533	2	2	22	53
537	2	2	22	62
537	1	1	22	72
537	1	1	22	74
545	1	1	22	72
545	1	1	22	70
549	2	2	22	53
553	1	1	22	70
553	1	1	22	67
553	2	2	22	46
553	2	2	22	62
553	2	2	22	39
553	3	3	22	39
553	3	3	22	46
557	2	2	23	46
561	2	2	23	55
561	7	7	23	75
569	7	7	23	75
569	1	1	23	65
569	7	7	23	74
569	1	1	23	67
573	2	2	23	46
577	1	1	23	65
577	1	1	23	67
577	2	2	23	39
577	2	2	23	43
577	2	2	23	55
577	3	3	23	39
577	3	3	23	43
577	7	7	23	74
577	7	7	23	72
581	2	2	24	50
585	2	2	24	59
593	7	7	24	72
593	7	7	24	71
593	1	1	24	67
593	1	1	24	67
597	2	2	24	50
601	1	1	24	67
601	1	1	24	75
601	2	2	24	48
601	2	2	24	59
601	2	2	24	43
601	3	3	24	48
601	3	3	24	43
601	7	7	24	72
601	7	7	24	71
605	2	2	25	55
609	2	2	25	63
609	1	1	25	75
609	1	1	25	75
613	1	1	25	75
613	1	1	25	77
617	1	1	25	77
617	1	1	25	79
621	2	2	25	55
625	1	1	25	79
625	1	1	25	74
625	2	2	25	48
625	2	2	25	63
625	2	2	25	46
625	3	3	25	48
625	3	3	25	46
625	7	7	25	74
625	7	7	25	72
629	2	2	26	53
633	1	1	26	74
633	2	2	26	62
633	1	1	26	82
645	2	2	26	53
649	1	1	26	82
649	1	1	26	72
649	2	2	26	46
649	2	2	26	62
649	2	2	26	44
649	3	3	26	46
649	3	3	26	44
649	7	7	26	74
649	7	7	26	75
653	2	2	27	51
657	1	1	27	72
657	2	2	27	60
657	1	1	27	72
661	1	1	27	74
661	1	1	27	72
665	1	1	27	74
665	1	1	27	75
665	7	7	27	79
665	7	7	27	75
669	2	2	27	51
673	2	2	27	44
673	7	7	27	82
673	7	7	27	79
673	3	3	27	44
673	3	3	27	43
673	2	2	27	60
673	2	2	27	43
673	1	1	27	70
673	1	1	27	75
677	2	2	28	50
681	1	1	28	70
681	1	1	28	79
681	2	2	28	58
693	2	2	28	50
697	7	7	28	82
697	1	1	28	68
697	7	7	28	80
697	3	3	28	41
697	3	3	28	43
697	2	2	28	41
697	2	2	28	43
697	1	1	28	79
697	2	2	28	58
701	2	2	29	48
705	1	1	29	68
705	2	2	29	53
705	7	7	29	80
705	7	7	29	79
705	1	1	29	70
713	1	1	29	72
713	1	1	29	70
713	7	7	29	77
713	7	7	29	79
717	2	2	29	48
721	2	2	29	41
721	7	7	29	77
721	7	7	29	74
721	3	3	29	41
721	3	3	29	43
721	2	2	29	53
721	2	2	29	43
721	1	1	29	72
721	1	1	29	74
725	2	2	30	50
729	1	1	30	72
729	1	1	30	74
729	2	2	30	58
737	7	7	30	74
737	7	7	30	74
737	1	1	30	72
737	1	1	30	70
741	2	2	30	50
745	1	1	30	72
745	1	1	30	70
745	2	2	30	44
745	2	2	30	58
745	2	2	30	43
745	3	3	30	44
745	3	3	30	43
745	7	7	30	74
745	7	7	30	72
749	2	2	31	51
753	2	2	31	60
757	2	2	31	51
761	1	1	31	70
761	1	1	31	72
761	2	2	31	44
761	2	2	31	46
761	3	3	31	46
761	3	3	31	44
761	7	7	31	72
761	7	7	31	74
769	7	7	31	72
769	7	7	31	74
769	3	3	31	46
769	3	3	31	48
769	2	2	31	48
769	2	2	31	46
769	1	1	31	70
769	1	1	31	72
769	2	2	31	60
773	2	2	32	55
777	2	2	32	60
785	4	4	32	67
785	7	7	32	72
785	6	6	32	36
785	5	5	32	79
785	3	3	32	48
785	2	2	32	48
785	1	1	32	72
789	2	2	32	55
793	2	2	32	60
793	8	9	32	69
793	8	9	32	69
793	6	6	32	36
793	5	5	32	87
793	4	4	32	75
793	4	4	32	48
793	6	6	32	36
793	4	4	32	67
793	5	5	32	79
797	4	4	33	55
797	8	9	33	69
801	4	4	33	75
801	8	9	33	69
801	5	5	33	87
801	5	5	33	87
801	4	4	33	55
801	4	4	33	75
801	4	4	33	60
803	8	9	33	69
805	4	4	33	75
805	4	4	33	77
805	5	5	33	87
805	5	5	33	89
805	8	9	33	69
807	8	9	33	69
809	4	4	33	77
809	8	9	33	69
809	6	6	33	36
809	6	6	33	36
809	5	5	33	89
809	5	5	33	91
809	4	4	33	55
809	4	4	33	60
809	4	4	33	48
809	4	4	33	79
811	8	9	33	69
817	4	4	33	55
817	8	9	33	69
817	6	6	33	36
817	6	6	33	34
817	5	5	33	86
817	4	4	33	46
817	5	5	33	91
817	4	4	33	74
817	4	4	33	79
821	4	4	34	53
821	8	9	34	69
825	4	4	34	53
825	4	4	34	82
825	4	4	34	74
825	4	4	34	62
825	5	5	34	94
825	5	5	34	86
825	8	9	34	69
829	8	9	34	69
833	8	9	34	69
833	6	6	34	34
833	6	6	34	34
833	4	4	34	46
833	4	4	34	62
833	4	4	34	53
835	8	9	34	69
837	8	9	34	69
839	8	9	34	69
841	4	4	34	53
841	4	4	34	82
841	4	4	34	72
841	4	4	34	44
841	5	5	34	84
841	5	5	34	94
841	6	6	34	34
841	6	6	34	32
841	8	9	34	69
845	8	9	35	69
845	4	4	35	51
849	4	4	35	51
849	4	4	35	72
849	4	4	35	60
849	4	4	35	72
849	5	5	35	84
849	5	5	35	84
849	8	9	35	69
851	8	9	35	69
853	4	4	35	72
853	8	9	35	69
853	5	5	35	84
853	5	5	35	86
853	4	4	35	74
855	8	9	35	69
857	4	4	35	51
857	8	9	35	69
857	6	6	35	32
857	6	6	35	32
857	5	5	35	87
857	5	5	35	86
857	4	4	35	44
857	4	4	35	60
857	4	4	35	74
857	4	4	35	75
859	8	9	35	69
865	4	4	35	51
865	8	9	35	69
865	6	6	35	32
865	6	6	35	31
865	5	5	35	82
865	4	4	35	70
865	4	4	35	75
865	4	4	35	43
865	5	5	35	87
869	4	4	36	50
869	8	9	36	69
873	4	4	36	58
873	8	9	36	69
873	5	5	36	91
873	5	5	36	82
873	4	4	36	50
873	4	4	36	79
873	4	4	36	70
877	8	9	36	69
881	4	4	36	50
881	8	9	36	69
881	6	6	36	31
881	6	6	36	31
881	4	4	36	43
881	4	4	36	58
883	8	9	36	69
885	8	9	36	69
887	8	9	36	69
889	8	9	36	69
889	6	6	36	31
889	6	6	36	29
889	4	4	36	68
889	5	5	36	91
889	4	4	36	41
889	4	4	36	79
889	4	4	36	50
889	5	5	36	80
893	4	4	37	48
893	8	9	37	69
897	8	9	37	69
897	5	5	37	80
897	5	5	37	80
897	4	4	37	68
897	4	4	37	56
897	4	4	37	68
897	4	4	37	48
899	8	9	37	69
901	4	4	37	70
901	4	4	37	68
901	5	5	37	80
901	5	5	37	82
901	8	9	37	69
903	8	9	37	69
905	8	9	37	69
905	6	6	37	29
905	6	6	37	29
905	5	5	37	82
905	5	5	37	84
905	4	4	37	70
905	4	4	37	56
905	4	4	37	41
905	4	4	37	72
905	4	4	37	48
907	8	9	37	69
913	4	4	37	48
913	4	4	37	46
913	4	4	37	72
913	4	4	37	74
913	5	5	37	84
913	5	5	37	86
913	6	6	37	34
913	6	6	37	29
913	8	9	37	69
917	4	4	38	53
917	8	9	38	69
921	4	4	38	74
921	4	4	38	53
921	4	4	38	72
921	4	4	38	62
921	5	5	38	84
921	5	5	38	86
921	8	9	38	69
925	8	9	38	69
929	5	5	38	84
929	8	9	38	69
929	6	6	38	34
929	6	6	38	34
929	5	5	38	82
929	4	4	38	62
929	4	4	38	46
929	4	4	38	53
929	4	4	38	72
929	4	4	38	70
931	8	9	38	69
933	8	9	38	69
935	8	9	38	69
937	6	6	38	39
937	8	9	38	69
937	6	6	38	34
937	5	5	38	79
937	4	4	38	39
937	4	4	38	53
937	4	4	38	67
937	4	4	38	70
937	5	5	38	82
941	4	4	39	46
941	8	9	39	69
945	8	9	39	69
945	4	4	39	55
945	4	4	39	46
947	8	9	39	69
949	8	9	39	69
951	8	9	39	69
953	8	9	39	69
953	6	6	39	39
953	6	6	39	39
953	4	4	39	65
953	5	5	39	79
953	4	4	39	39
953	4	4	39	46
953	4	4	39	67
953	4	4	39	55
953	5	5	39	77
955	8	9	39	69
961	6	6	39	39
961	8	9	39	69
961	6	6	39	31
961	5	5	39	79
961	5	5	39	77
961	4	4	39	65
961	4	4	39	43
961	4	4	39	46
961	4	4	39	67
965	4	4	40	50
965	8	9	40	69
969	4	4	40	50
969	4	4	40	59
969	8	9	40	69
973	8	9	40	69
977	6	6	40	31
977	8	9	40	69
977	6	6	40	31
977	5	5	40	79
977	5	5	40	79
977	4	4	40	67
977	4	4	40	59
977	4	4	40	43
977	4	4	40	67
977	4	4	40	55
979	8	9	40	69
981	8	9	40	69
983	8	9	40	69
985	6	6	40	31
985	8	9	40	69
985	8	9	40	69
985	6	6	40	36
985	5	5	40	79
985	4	4	40	48
985	4	4	40	67
985	4	4	40	75
985	4	4	40	55
985	5	5	40	87
989	4	4	41	55
989	8	9	41	69
993	4	4	41	75
993	8	9	41	69
993	5	5	41	87
993	5	5	41	87
993	4	4	41	55
993	4	4	41	60
993	4	4	41	75
995	8	9	41	69
997	8	9	41	69
997	5	5	41	87
997	5	5	41	89
997	4	4	41	75
997	4	4	41	77
999	8	9	41	69
1001	4	4	41	79
1001	8	9	41	69
1001	6	6	41	36
1001	6	6	41	36
1001	5	5	41	89
1001	5	5	41	91
1001	4	4	41	55
1001	4	4	41	77
1001	4	4	41	60
1001	4	4	41	48
1003	8	9	41	69
1009	4	4	41	74
1009	8	9	41	69
1009	6	6	41	36
1009	6	6	41	34
1009	5	5	41	86
1009	5	5	41	91
1009	4	4	41	55
1009	4	4	41	46
1009	4	4	41	79
1013	4	4	42	53
1013	8	9	42	69
1017	5	5	42	86
1017	8	9	42	69
1017	5	5	42	94
1017	4	4	42	82
1017	4	4	42	53
1017	4	4	42	74
1017	4	4	42	62
1021	8	9	42	69
1025	4	4	42	53
1025	4	4	42	62
1025	4	4	42	46
1025	6	6	42	34
1025	6	6	42	34
1025	8	9	42	69
1027	8	9	42	69
1029	8	9	42	69
1031	8	9	42	69
1033	4	4	42	44
1033	8	9	42	69
1033	6	6	42	32
1033	6	6	42	34
1033	5	5	42	94
1033	5	5	42	84
1033	4	4	42	72
1033	4	4	42	82
1033	4	4	42	53
1037	4	4	43	51
1037	8	9	43	69
1041	5	5	43	84
1041	5	5	43	84
1041	8	9	43	69
1041	4	4	43	72
1041	4	4	43	60
1041	4	4	43	72
1041	4	4	43	51
1043	8	9	43	69
1045	4	4	43	74
1045	4	4	43	72
1045	5	5	43	86
1045	5	5	43	84
1045	8	9	43	69
1047	8	9	43	69
1049	4	4	43	74
1049	8	9	43	69
1049	6	6	43	32
1049	6	6	43	32
1049	5	5	43	86
1049	5	5	43	87
1049	4	4	43	44
1049	4	4	43	75
1049	4	4	43	51
1049	4	4	43	60
1051	8	9	43	69
1057	8	9	43	69
1057	6	6	43	32
1057	6	6	43	31
1057	5	5	43	82
1057	4	4	43	70
1057	5	5	43	87
1057	4	4	43	43
1057	4	4	43	51
1057	4	4	43	75
1061	4	4	44	50
1061	8	9	44	69
1065	4	4	44	58
1065	4	4	44	70
1065	4	4	44	79
1065	4	4	44	50
1065	5	5	44	82
1065	5	5	44	91
1065	8	9	44	69
1069	8	9	44	69
1073	8	9	44	69
1073	6	6	44	31
1073	4	4	44	50
1073	6	6	44	31
1073	4	4	44	58
1073	4	4	44	43
1075	8	9	44	69
1077	8	9	44	69
1079	8	9	44	69
1081	4	4	44	41
1081	4	4	44	50
1081	4	4	44	79
1081	4	4	44	68
1081	5	5	44	91
1081	5	5	44	80
1081	6	6	44	29
1081	6	6	44	31
1081	8	9	44	69
1085	8	9	45	69
1085	4	4	45	48
1089	4	4	45	56
1089	8	9	45	69
1089	5	5	45	80
1089	5	5	45	82
1089	4	4	45	70
1089	4	4	45	48
1089	4	4	45	68
1091	8	9	45	69
1093	8	9	45	69
1095	8	9	45	69
1097	6	6	45	29
1097	8	9	45	69
1097	6	6	45	29
1097	5	5	45	82
1097	5	5	45	84
1097	4	4	45	48
1097	4	4	45	72
1097	4	4	45	41
1097	4	4	45	70
1097	4	4	45	56
1099	8	9	45	69
1105	4	4	45	48
1105	4	4	45	72
1105	4	4	45	74
1105	4	4	45	43
1105	5	5	45	86
1105	5	5	45	84
1105	6	6	45	31
1105	6	6	45	29
1105	8	9	45	69
1109	8	9	46	69
1109	4	4	46	50
1113	4	4	46	58
1113	4	4	46	72
1113	4	4	46	74
1113	4	4	46	50
1113	5	5	46	84
1113	5	5	46	86
1113	8	9	46	69
1117	8	9	46	69
1121	4	4	46	50
1121	8	9	46	69
1121	6	6	46	31
1121	6	6	46	31
1121	5	5	46	82
1121	5	5	46	84
1121	4	4	46	43
1121	4	4	46	58
1121	4	4	46	72
1121	4	4	46	70
1123	8	9	46	69
1125	8	9	46	69
1127	8	9	46	69
1129	8	9	46	69
1129	6	6	46	32
1129	6	6	46	31
1129	5	5	46	82
1129	5	5	46	84
1129	4	4	46	70
1129	4	4	46	72
1129	4	4	46	44
1129	4	4	46	50
1133	4	4	47	51
1133	8	9	47	69
1137	8	9	47	69
1137	4	4	47	51
1137	4	4	47	60
1139	8	9	47	69
1141	8	9	47	69
1143	8	9	47	69
1145	4	4	47	60
1145	8	9	47	69
1145	6	6	47	34
1145	6	6	47	32
1145	5	5	47	84
1145	5	5	47	82
1145	4	4	47	70
1145	4	4	47	46
1145	4	4	47	72
1145	4	4	47	44
1147	8	9	47	69
1153	6	6	47	34
1153	8	9	47	69
1153	6	6	47	36
1153	5	5	47	82
1153	4	4	47	48
1153	4	4	47	70
1153	4	4	47	46
1153	4	4	47	72
1153	5	5	47	84
1157	4	4	48	55
1157	8	9	48	69
1161	4	4	48	55
1161	8	9	48	69
1161	4	4	48	60
1165	8	9	48	69
1169	4	4	48	48
1169	8	9	48	69
1169	7	7	48	67
1169	6	6	48	36
1169	6	6	48	36
1169	5	5	48	79
1169	5	5	48	84
1169	4	4	48	67
1169	4	4	48	55
1169	4	4	48	72
1169	4	4	48	60
1171	8	9	48	69
1173	8	9	48	69
1175	8	9	48	69
1177	8	9	48	69
1177	8	9	48	69
1177	7	7	48	75
1177	6	6	48	36
1177	5	5	48	87
1177	4	4	48	75
1177	3	3	48	48
1177	4	4	48	48
1177	4	4	48	55
1177	6	6	48	36
1177	4	4	48	67
1177	5	5	48	79
1177	7	7	48	67
1181	4	4	49	55
1181	8	9	49	69
1185	4	4	49	55
1185	4	4	49	75
1185	4	4	49	60
1185	4	4	49	75
1185	5	5	49	87
1185	5	5	49	87
1185	7	7	49	75
1185	7	7	49	75
1185	8	9	49	69
1187	8	9	49	69
1189	4	4	49	75
1189	4	4	49	77
1189	5	5	49	87
1189	5	5	49	89
1189	7	7	49	75
1189	7	7	49	77
1189	8	9	49	69
1191	8	9	49	69
1193	7	7	49	77
1193	8	9	49	69
1193	7	7	49	79
1193	6	6	49	36
1193	6	6	49	36
1193	5	5	49	89
1193	4	4	49	48
1193	4	4	49	60
1193	4	4	49	55
1193	4	4	49	77
1193	4	4	49	79
1193	5	5	49	91
1195	8	9	49	69
1201	7	7	49	74
1201	8	9	49	69
1201	7	7	49	79
1201	6	6	49	34
1201	6	6	49	36
1201	5	5	49	91
1201	4	4	49	74
1201	4	4	49	79
1201	4	4	49	55
1201	4	4	49	46
1201	3	3	49	48
1201	3	3	49	46
1201	5	5	49	86
1205	4	4	50	53
1205	8	9	50	69
1209	4	4	50	74
1209	8	9	50	69
1209	7	7	50	82
1209	7	7	50	74
1209	5	5	50	86
1209	5	5	50	94
1209	4	4	50	53
1209	4	4	50	82
1209	4	4	50	62
1213	8	9	50	69
1217	4	4	50	62
1217	8	9	50	69
1217	6	6	50	34
1217	4	4	50	46
1217	4	4	50	53
1217	6	6	50	34
1219	8	9	50	69
1221	8	9	50	69
1223	8	9	50	69
1225	5	5	50	94
1225	8	9	50	69
1225	7	7	50	82
1225	7	7	50	72
1225	6	6	50	34
1225	6	6	50	32
1225	5	5	50	84
1225	4	4	50	53
1225	4	4	50	82
1225	4	4	50	72
1225	4	4	50	44
1225	3	3	50	46
1225	3	3	50	44
1229	4	4	51	51
1229	8	9	51	69
1233	8	9	51	69
1233	7	7	51	72
1233	7	7	51	72
1233	5	5	51	84
1233	4	4	51	72
1233	4	4	51	60
1233	4	4	51	72
1233	4	4	51	51
1233	5	5	51	84
1235	8	9	51	69
1237	7	7	51	74
1237	8	9	51	69
1237	7	7	51	72
1237	5	5	51	84
1237	5	5	51	86
1237	4	4	51	74
1237	4	4	51	72
1239	8	9	51	69
1241	4	4	51	74
1241	8	9	51	69
1241	7	7	51	75
1241	7	7	51	74
1241	6	6	51	32
1241	6	6	51	32
1241	5	5	51	87
1241	5	5	51	86
1241	4	4	51	60
1241	4	4	51	51
1241	4	4	51	75
1241	4	4	51	44
1243	8	9	51	69
1249	8	9	51	69
1249	3	3	51	44
1249	7	7	51	75
1249	7	7	51	70
1249	6	6	51	32
1249	6	6	51	31
1249	5	5	51	87
1249	4	4	51	75
1249	5	5	51	82
1249	3	3	51	43
1249	4	4	51	70
1249	4	4	51	51
1249	4	4	51	43
1253	4	4	52	50
1253	8	9	52	69
1257	5	5	52	91
1257	8	9	52	69
1257	7	7	52	70
1257	7	7	52	79
1257	5	5	52	82
1257	4	4	52	79
1257	4	4	52	58
1257	4	4	52	70
1257	4	4	52	50
1261	8	9	52	69
1265	4	4	52	43
1265	8	9	52	69
1265	6	6	52	31
1265	6	6	52	31
1265	4	4	52	58
1265	4	4	52	50
1267	8	9	52	69
1269	8	9	52	69
1271	8	9	52	69
1273	4	4	52	50
1273	8	9	52	69
1273	7	7	52	79
1273	7	7	52	68
1273	6	6	52	31
1273	6	6	52	29
1273	5	5	52	91
1273	4	4	52	68
1273	4	4	52	41
1273	4	4	52	79
1273	3	3	52	43
1273	3	3	52	41
1273	5	5	52	80
1277	4	4	53	48
1277	8	9	53	69
1281	4	4	53	68
1281	8	9	53	69
1281	7	7	53	68
1281	7	7	53	68
1281	5	5	53	80
1281	5	5	53	80
1281	4	4	53	48
1281	4	4	53	56
1281	4	4	53	68
1283	8	9	53	69
1285	8	9	53	69
1285	7	7	53	68
1285	7	7	53	70
1285	5	5	53	82
1285	4	4	53	68
1285	4	4	53	70
1285	5	5	53	80
1287	8	9	53	69
1289	6	6	53	29
1289	8	9	53	69
1289	7	7	53	72
1289	7	7	53	70
1289	6	6	53	29
1289	5	5	53	82
1289	5	5	53	84
1289	4	4	53	70
1289	4	4	53	48
1289	4	4	53	56
1289	4	4	53	41
1289	4	4	53	72
1291	8	9	53	69
1297	7	7	53	74
1297	8	9	53	69
1297	7	7	53	72
1297	6	6	53	34
1297	6	6	53	29
1297	5	5	53	84
1297	4	4	53	74
1297	4	4	53	72
1297	4	4	53	48
1297	4	4	53	46
1297	3	3	53	41
1297	3	3	53	46
1297	5	5	53	86
1301	4	4	54	53
1301	8	9	54	69
1305	7	7	54	72
1305	8	9	54	69
1305	7	7	54	74
1305	5	5	54	86
1305	4	4	54	72
1305	4	4	54	53
1305	4	4	54	74
1305	4	4	54	62
1305	5	5	54	84
1309	8	9	54	69
1313	4	4	54	70
1313	8	9	54	69
1313	7	7	54	70
1313	7	7	54	72
1313	6	6	54	34
1313	6	6	54	34
1313	5	5	54	84
1313	5	5	54	82
1313	4	4	54	53
1313	4	4	54	72
1313	4	4	54	62
1313	4	4	54	46
1315	8	9	54	69
1317	8	9	54	69
1319	8	9	54	69
1321	3	3	54	39
1321	3	3	54	46
1321	4	4	54	67
1321	4	4	54	70
1321	4	4	54	53
1321	4	4	54	39
1321	5	5	54	82
1321	5	5	54	79
1321	6	6	54	39
1321	6	6	54	34
1321	7	7	54	70
1321	7	7	54	67
1321	8	9	54	69
1325	4	4	55	46
1325	8	9	55	69
1329	4	4	55	46
1329	4	4	55	55
1329	8	9	55	69
1331	8	9	55	69
1333	8	9	55	69
1335	8	9	55	69
1337	6	6	55	39
1337	8	9	55	69
1337	7	7	55	67
1337	7	7	55	65
1337	6	6	55	39
1337	5	5	55	77
1337	4	4	55	39
1337	4	4	55	65
1337	4	4	55	55
1337	4	4	55	67
1337	4	4	55	46
1337	5	5	55	79
1339	8	9	55	69
1345	6	6	55	31
1345	8	9	55	69
1345	7	7	55	67
1345	7	7	55	65
1345	6	6	55	39
1345	5	5	55	77
1345	4	4	55	65
1345	4	4	55	67
1345	4	4	55	43
1345	4	4	55	46
1345	3	3	55	39
1345	3	3	55	43
1345	5	5	55	79
1349	4	4	56	50
1349	8	9	56	69
1353	4	4	56	50
1353	8	9	56	69
1353	4	4	56	59
1357	8	9	56	69
1361	6	6	56	31
1361	8	9	56	69
1361	7	7	56	67
1361	7	7	56	67
1361	6	6	56	31
1361	5	5	56	79
1361	5	5	56	79
1361	4	4	56	55
1361	4	4	56	67
1361	4	4	56	67
1361	4	4	56	59
1361	4	4	56	43
1363	8	9	56	69
1365	8	9	56	69
1367	8	9	56	69
1369	5	5	56	87
1369	8	9	56	69
1369	8	9	56	69
1369	7	7	56	75
1369	7	7	56	67
1369	6	6	56	31
1369	6	6	56	36
1369	5	5	56	79
1369	4	4	56	55
1369	4	4	56	67
1369	4	4	56	75
1369	4	4	56	48
1369	3	3	56	43
1369	3	3	56	48
1373	4	4	57	55
1373	8	9	57	69
1377	7	7	57	75
1377	8	9	57	69
1377	7	7	57	75
1377	5	5	57	87
1377	4	4	57	55
1377	4	4	57	75
1377	4	4	57	75
1377	4	4	57	60
1377	5	5	57	87
1379	8	9	57	69
1381	7	7	57	75
1381	8	9	57	69
1381	7	7	57	77
1381	5	5	57	89
1381	5	5	57	87
1381	4	4	57	77
1381	4	4	57	75
1383	8	9	57	69
1385	4	4	57	48
1385	8	9	57	69
1385	7	7	57	79
1385	7	7	57	77
1385	6	6	57	36
1385	6	6	57	36
1385	5	5	57	91
1385	5	5	57	89
1385	4	4	57	60
1385	4	4	57	79
1385	4	4	57	77
1385	4	4	57	55
1387	8	9	57	69
1393	6	6	57	34
1393	6	6	57	36
1393	5	5	57	91
1393	7	7	57	74
1393	7	7	57	79
1393	8	9	57	69
1393	4	4	57	74
1393	4	4	57	55
1393	5	5	57	86
1393	3	3	57	46
1393	3	3	57	48
1393	4	4	57	46
1393	4	4	57	79
1397	4	4	58	53
1397	8	9	58	69
1401	4	4	58	53
1401	4	4	58	62
1401	4	4	58	82
1401	4	4	58	74
1401	5	5	58	94
1401	5	5	58	86
1401	7	7	58	74
1401	7	7	58	82
1401	8	9	58	69
1405	8	9	58	69
1409	4	4	58	53
1409	4	4	58	62
1409	4	4	58	46
1409	6	6	58	34
1409	6	6	58	34
1409	8	9	58	69
1411	8	9	58	69
1413	8	9	58	69
1415	8	9	58	69
1417	3	3	58	44
1417	8	9	58	69
1417	7	7	58	82
1417	7	7	58	72
1417	6	6	58	32
1417	6	6	58	34
1417	5	5	58	94
1417	4	4	58	72
1417	4	4	58	82
1417	4	4	58	53
1417	4	4	58	44
1417	3	3	58	46
1417	5	5	58	84
1421	4	4	58	51
1421	8	9	58	69
1425	4	4	59	72
1425	8	9	59	69
1425	7	7	59	72
1425	7	7	59	72
1425	5	5	59	84
1425	5	5	59	84
1425	4	4	59	51
1425	4	4	59	60
1425	4	4	59	72
1427	8	9	59	69
1429	8	9	59	69
1429	7	7	59	74
1429	7	7	59	72
1429	5	5	59	86
1429	4	4	59	74
1429	4	4	59	72
1429	5	5	59	84
1431	8	9	59	69
1433	6	6	59	32
1433	8	9	59	69
1433	7	7	59	74
1433	7	7	59	75
1433	6	6	59	32
1433	5	5	59	87
1433	5	5	59	86
1433	4	4	59	60
1433	4	4	59	44
1433	4	4	59	74
1433	4	4	59	75
1433	4	4	59	51
1435	8	9	59	69
1441	7	7	59	70
1441	8	9	59	69
1441	7	7	59	75
1441	6	6	59	31
1441	6	6	59	32
1441	5	5	59	87
1441	4	4	59	75
1441	4	4	59	43
1441	4	4	59	51
1441	4	4	59	70
1441	3	3	59	43
1441	3	3	59	44
1441	5	5	59	82
1445	4	4	59	50
1445	8	9	59	69
1449	8	9	60	69
1449	7	7	60	79
1449	7	7	60	70
1449	5	5	60	82
1449	4	4	60	50
1449	4	4	60	70
1449	4	4	60	58
1449	4	4	60	79
1449	5	5	60	91
1453	8	9	60	69
1457	8	9	60	69
1457	6	6	60	31
1457	6	6	60	31
1457	4	4	60	50
1457	4	4	60	58
1457	4	4	60	43
1459	8	9	60	69
1461	8	9	60	69
1463	8	9	60	69
1465	8	9	60	69
1465	7	7	60	68
1465	7	7	60	79
1465	6	6	60	29
1465	6	6	60	31
1465	4	4	60	68
1465	5	5	60	80
1465	4	4	60	79
1465	5	5	60	91
1465	3	3	60	41
1465	3	3	60	43
1465	4	4	60	50
1465	4	4	60	41
1469	4	4	60	48
1469	8	9	60	69
1473	7	7	61	68
1473	8	9	61	69
1473	7	7	61	70
1473	5	5	61	82
1473	5	5	61	80
1473	4	4	61	70
1473	4	4	61	56
1473	4	4	61	68
1473	4	4	61	48
1475	8	9	61	69
1477	8	9	61	69
1479	8	9	61	69
1481	8	9	61	69
1481	7	7	61	72
1481	7	7	61	70
1481	6	6	61	29
1481	6	6	61	29
1481	5	5	61	82
1481	4	4	61	70
1481	4	4	61	48
1481	4	4	61	72
1481	4	4	61	56
1481	4	4	61	41
1481	5	5	61	84
1483	8	9	61	69
1489	6	6	61	29
1489	8	9	61	69
1489	7	7	61	72
1489	7	7	61	74
1489	6	6	61	31
1489	5	5	61	86
1489	4	4	61	48
1489	4	4	61	43
1489	4	4	61	72
1489	4	4	61	74
1489	3	3	61	41
1489	3	3	61	43
1489	5	5	61	84
1493	4	4	61	50
1493	8	9	61	69
1497	4	4	62	50
1497	8	9	62	69
1497	7	7	62	72
1497	7	7	62	74
1497	5	5	62	86
1497	5	5	62	84
1497	4	4	62	72
1497	4	4	62	58
1497	4	4	62	74
1501	8	9	62	69
1505	4	4	62	58
1505	4	4	62	43
1505	8	9	62	69
1505	7	7	62	72
1505	7	7	62	70
1505	6	6	62	31
1505	6	6	62	31
1505	5	5	62	82
1505	4	4	62	70
1505	4	4	62	50
1505	4	4	62	72
1505	5	5	62	84
1507	8	9	62	69
1509	8	9	62	69
1511	8	9	62	69
1513	4	4	62	50
1513	8	9	62	69
1513	7	7	62	70
1513	7	7	62	72
1513	6	6	62	31
1513	6	6	62	32
1513	5	5	62	82
1513	5	5	62	84
1513	4	4	62	72
1513	4	4	62	44
1513	4	4	62	70
1513	3	3	62	43
1513	3	3	62	44
1517	4	4	62	51
1517	8	9	62	69
1521	4	4	63	51
1521	4	4	63	60
1521	8	9	63	69
1523	8	9	63	69
1525	8	9	63	69
1527	8	9	63	69
1529	5	5	63	84
1529	8	9	63	69
1529	7	7	63	72
1529	7	7	63	70
1529	6	6	63	32
1529	6	6	63	34
1529	5	5	63	82
1529	4	4	63	46
1529	4	4	63	72
1529	4	4	63	60
1529	4	4	63	44
1529	4	4	63	70
1529	3	3	63	46
1529	3	3	63	44
1531	8	9	63	69
1537	7	7	63	70
1537	8	9	63	69
1537	7	7	63	72
1537	6	6	63	34
1537	6	6	63	36
1537	5	5	63	84
1537	4	4	63	48
1537	5	5	63	82
1537	3	3	63	48
1537	3	3	63	46
1537	4	4	63	46
1537	4	4	63	70
1537	4	4	63	72
1541	4	4	63	55
1541	8	9	63	69
1545	4	4	64	55
1545	4	4	64	60
1545	8	9	64	69
1549	8	9	64	69
1553	7	7	64	72
1553	8	9	64	69
1553	6	6	64	36
1553	6	6	64	36
1553	4	4	64	72
1553	4	4	64	48
1553	4	4	64	60
1553	4	4	64	55
1553	5	5	64	84
1555	8	9	64	69
1557	8	9	64	69
1559	8	9	64	69
1561	4	4	64	55
1561	8	9	64	69
1561	8	9	64	69
1561	6	6	64	41
1561	5	5	64	84
1561	4	4	64	41
1561	3	3	64	48
1561	6	6	64	36
1565	4	4	64	48
1565	8	9	64	69
1569	4	4	65	56
1569	4	4	65	48
1569	5	5	65	84
1569	5	5	65	84
1569	8	9	65	69
1571	8	9	65	69
1573	5	5	65	84
1573	5	5	65	86
1573	8	9	65	69
1575	8	9	65	69
1577	5	5	65	86
1577	8	9	65	69
1577	6	6	65	41
1577	6	6	65	41
1577	5	5	65	87
1577	4	4	65	41
1577	4	4	65	56
1577	4	4	65	48
1579	8	9	65	69
1585	4	4	65	46
1585	4	4	65	48
1585	5	5	65	87
1585	5	5	65	86
1585	6	6	65	41
1585	6	6	65	34
1585	8	9	65	69
1589	8	9	65	69
1589	4	4	65	53
1593	4	4	66	53
1593	4	4	66	58
1593	5	5	66	86
1593	5	5	66	89
1593	8	9	66	69
1597	8	9	66	69
1601	8	9	66	69
1601	6	6	66	34
1601	6	6	66	34
1601	5	5	66	82
1601	4	4	66	46
1601	4	4	66	53
1601	4	4	66	58
1601	5	5	66	89
1603	8	9	66	69
1605	8	9	66	69
1607	8	9	66	69
1609	5	5	66	82
1609	8	9	66	69
1609	6	6	66	39
1609	6	6	66	34
1609	5	5	66	79
1609	4	4	66	53
1609	4	4	66	39
1613	4	4	66	46
1613	8	9	66	69
1617	8	9	67	69
1617	5	5	67	79
1617	4	4	67	55
1617	4	4	67	46
1617	5	5	67	79
1619	8	9	67	69
1621	5	5	67	79
1621	5	5	67	82
1621	8	9	67	69
1623	8	9	67	69
1625	4	4	67	46
1625	8	9	67	69
1625	6	6	67	39
1625	6	6	67	39
1625	5	5	67	86
1625	5	5	67	82
1625	4	4	67	55
1625	4	4	67	39
1627	8	9	67	69
1633	4	4	67	46
1633	8	9	67	69
1633	6	6	67	44
1633	6	6	67	39
1633	5	5	67	84
1633	5	5	67	86
1633	4	4	67	44
1637	4	4	67	51
1637	8	9	67	69
1641	4	4	68	60
1641	4	4	68	51
1641	8	9	68	69
1645	8	9	68	69
1649	4	4	68	60
1649	8	9	68	69
1649	6	6	68	44
1649	6	6	68	44
1649	5	5	68	84
1649	4	4	68	44
1649	4	4	68	51
1649	5	5	68	84
1651	8	9	68	69
1653	8	9	68	69
1655	8	9	68	69
1657	4	4	68	51
1657	4	4	68	37
1657	5	5	68	85
1657	5	5	68	84
1657	6	6	68	37
1657	6	6	68	44
1657	8	9	68	69
1661	8	9	68	69
1661	4	4	68	44
1666	4	4	69	44
1666	4	4	69	53
1666	5	5	69	85
1666	5	5	69	85
1666	8	9	69	69
1668	8	9	69	69
1670	5	5	69	85
1670	5	5	69	87
1670	8	9	69	69
1671	8	9	69	69
1674	4	4	69	53
1674	8	9	69	69
1674	6	6	69	37
1674	6	6	69	37
1674	5	5	69	87
1674	4	4	69	44
1674	4	4	69	37
1674	5	5	69	89
1676	8	9	69	69
1682	4	4	69	44
1682	4	4	69	43
1682	5	5	69	89
1682	5	5	69	91
1682	6	6	69	43
1682	6	6	69	37
1682	8	9	69	69
1686	4	4	69	50
1686	8	9	69	69
1690	4	4	70	59
1690	4	4	70	50
1690	5	5	70	92
1690	5	5	70	91
1690	8	9	70	69
1694	8	9	70	69
1697	8	9	70	69
1697	6	6	70	43
1697	6	6	70	43
1697	5	5	70	92
1697	4	4	70	43
1697	4	4	70	59
1697	4	4	70	50
1697	5	5	70	91
1700	8	9	70	69
1702	5	5	70	91
1702	5	5	70	89
1702	8	9	70	69
1704	8	9	70	69
1706	6	6	70	43
1706	8	9	70	69
1706	6	6	70	36
1706	5	5	70	91
1706	5	5	70	89
1706	4	4	70	50
1706	4	4	70	36
1710	4	4	70	43
1710	8	9	70	69
1714	4	4	71	43
1714	4	4	71	51
1714	8	9	71	69
1716	8	9	71	69
1718	8	9	71	69
1720	8	9	71	69
1722	6	6	71	36
1722	8	9	71	69
1722	6	6	71	36
1722	5	5	71	87
1722	4	4	71	43
1722	4	4	71	51
1722	4	4	71	36
1722	5	5	71	91
1723	8	9	71	69
1730	4	4	71	43
1730	4	4	71	36
1730	5	5	71	87
1730	5	5	71	84
1730	6	6	71	36
1730	6	6	71	36
1730	8	9	71	69
1733	4	4	71	43
1733	8	9	71	69
1738	8	9	72	69
1738	4	4	72	43
1738	4	4	72	51
1742	8	9	72	69
1746	6	6	72	36
1746	8	9	72	69
1746	6	6	72	36
1746	5	5	72	84
1746	5	5	72	84
1746	4	4	72	36
1746	4	4	72	51
1746	4	4	72	43
1748	8	9	72	69
1750	8	9	72	69
1752	8	9	72	69
1754	6	6	72	37
1754	6	6	72	36
1754	5	5	72	84
1754	5	5	72	85
1754	4	4	72	43
1754	8	9	72	69
1754	8	9	72	69
1754	4	4	72	37
1757	8	9	72	69
1758	4	4	72	44
1762	8	9	73	69
1762	4	4	73	44
1762	4	4	73	53
1762	5	5	73	85
1762	5	5	73	85
1764	8	9	73	69
1766	5	5	73	87
1766	5	5	73	85
1766	8	9	73	69
1767	8	9	73	69
1769	4	4	73	37
1769	4	4	73	53
1769	4	4	73	44
1769	5	5	73	87
1769	5	5	73	89
1769	6	6	73	37
1769	6	6	73	37
1769	8	9	73	69
1771	8	9	73	69
1778	6	6	73	39
1778	6	6	73	37
1778	5	5	73	91
1778	4	4	73	39
1778	8	9	73	69
1778	4	4	73	44
1778	5	5	73	89
1782	8	9	73	69
1782	4	4	73	46
1786	4	4	74	46
1786	4	4	74	55
1786	8	9	74	69
1790	8	9	74	69
1793	8	9	74	69
1794	6	6	74	39
1794	6	6	74	39
1794	5	5	74	87
1794	4	4	74	46
1794	4	4	74	55
1794	4	4	74	39
1794	5	5	74	91
1796	8	9	74	69
1798	8	9	74	69
1800	8	9	74	69
1802	4	4	74	36
1802	6	6	74	39
1802	6	6	74	36
1802	5	5	74	84
1802	5	5	74	87
1802	4	4	74	46
1802	8	9	74	69
1806	8	9	74	69
1806	4	4	74	43
1810	5	5	75	84
1810	4	4	75	51
1810	5	5	75	84
1810	8	9	75	69
1810	4	4	75	43
1812	8	9	75	69
1814	8	9	75	69
1814	5	5	75	87
1814	5	5	75	84
1816	8	9	75	69
1818	8	9	75	69
1818	4	4	75	36
1818	4	4	75	51
1818	4	4	75	43
1818	5	5	75	87
1818	5	5	75	91
1818	6	6	75	36
1818	6	6	75	36
1819	8	9	75	69
1826	8	9	75	69
1826	4	4	75	43
1826	4	4	75	41
1826	5	5	75	89
1826	5	5	75	91
1826	6	6	75	36
1826	6	6	75	41
1829	8	9	75	69
1830	4	4	75	48
1834	8	9	76	69
1834	4	4	76	56
1834	4	4	76	48
1838	8	9	76	69
1842	4	4	76	48
1842	4	4	76	56
1842	4	4	76	41
1842	5	5	76	89
1842	5	5	76	89
1842	6	6	76	41
1842	6	6	76	41
1842	8	9	76	69
1844	8	9	76	69
1845	8	9	76	69
1848	8	9	76	69
1850	5	5	76	89
1850	6	6	76	42
1850	6	6	76	41
1850	5	5	76	90
1850	4	4	76	48
1850	4	4	76	42
1850	8	9	76	69
1854	8	9	76	69
1854	4	4	76	49
1858	4	4	77	49
1858	4	4	77	58
1858	5	5	77	90
1858	5	5	77	90
1858	8	9	77	69
1860	8	9	77	69
1862	5	5	77	92
1862	5	5	77	90
1862	8	9	77	69
1864	8	9	77	69
1866	8	9	77	69
1866	4	4	77	42
1866	4	4	77	58
1866	4	4	77	49
1866	5	5	77	92
1866	5	5	77	94
1866	6	6	77	42
1866	6	6	77	42
1868	8	9	77	69
1874	5	5	77	96
1874	6	6	77	42
1874	6	6	77	43
1874	5	5	77	94
1874	4	4	77	43
1874	4	4	77	49
1874	8	9	77	69
1878	8	9	77	69
1878	4	4	77	49
1881	8	9	78	69
1882	4	4	78	49
1882	4	4	78	55
1882	5	5	78	94
1882	5	5	78	96
1886	8	9	78	69
1890	5	5	78	97
1890	6	6	78	43
1890	6	6	78	43
1890	5	5	78	94
1890	4	4	78	55
1890	4	4	78	43
1890	4	4	78	49
1890	8	9	78	69
1891	8	9	78	69
1894	8	9	78	69
1896	8	9	78	69
1898	8	9	78	69
1898	4	4	78	49
1898	4	4	78	43
1898	5	5	78	97
1898	5	5	78	96
1898	6	6	78	43
1898	6	6	78	43
1902	4	4	78	50
1902	8	9	78	69
1906	8	9	79	69
1906	4	4	79	59
1906	4	4	79	50
1907	8	9	79	69
1909	8	9	79	69
1911	8	9	79	69
1913	8	9	79	69
1914	4	4	79	43
1914	4	4	79	59
1914	4	4	79	43
1914	6	6	79	43
1914	6	6	79	43
1915	8	9	79	69
1922	5	5	79	96
1922	6	6	79	43
1922	6	6	79	43
1922	8	9	79	69
1922	4	4	79	43
1922	4	4	79	55
1922	5	5	79	95
1926	8	9	79	69
1930	8	9	80	69
1934	8	9	80	69
1938	5	5	80	95
1938	6	6	80	43
1938	6	6	80	43
1938	4	4	80	55
1938	3	3	80	67
1938	3	3	80	62
1938	3	3	80	55
1938	8	9	80	69
1939	8	9	80	69
1941	8	9	80	69
1943	8	9	80	69
1945	8	9	80	69
1945	8	9	80	69
1945	7	7	80	75
1945	6	6	80	36
1945	4	4	80	75
1945	4	4	80	48
1945	3	3	80	48
1945	3	3	80	67
1945	3	3	80	55
1945	2	2	80	48
1945	1	1	80	75
1945	6	6	80	43
1945	3	3	80	75
1946	3	3	80	62
1946	3	3	80	60
1950	2	2	80	55
1950	8	9	80	69
1950	4	4	80	55
1954	8	9	81	69
1954	7	7	81	75
1954	7	7	81	75
1954	4	4	81	75
1954	3	3	81	75
1954	4	4	81	60
1954	4	4	81	75
1954	4	4	81	55
1954	3	3	81	60
1954	3	3	81	75
1954	3	3	81	60
1954	2	2	81	63
1954	1	1	81	75
1954	1	1	81	75
1955	8	9	81	69
1958	3	3	81	75
1958	8	9	81	69
1958	7	7	81	77
1958	7	7	81	75
1958	4	4	81	77
1958	4	4	81	75
1958	3	3	81	62
1958	1	1	81	77
1958	3	3	81	60
1958	2	2	81	55
1958	1	1	81	75
1958	3	3	81	77
1960	8	9	81	69
1962	4	4	81	60
1962	8	9	81	69
1962	7	7	81	77
1962	7	7	81	79
1962	6	6	81	36
1962	6	6	81	36
1962	4	4	81	48
1962	4	4	81	55
1962	4	4	81	77
1962	1	1	81	79
1962	1	1	81	77
1962	3	3	81	79
1962	3	3	81	62
1962	3	3	81	77
1962	3	3	81	63
1962	4	4	81	79
1964	8	9	81	69
1970	2	2	81	63
1970	8	9	81	69
1970	7	7	81	79
1970	7	7	81	74
1970	6	6	81	36
1970	6	6	81	34
1970	4	4	81	46
1970	4	4	81	79
1970	4	4	81	55
1970	4	4	81	74
1970	3	3	81	58
1970	3	3	81	63
1970	3	3	81	79
1970	3	3	81	48
1970	3	3	81	46
1970	2	2	81	48
1970	1	1	81	74
1970	2	2	81	46
1970	1	1	81	79
1970	3	3	81	74
1974	2	2	81	53
1974	8	9	81	69
1974	4	4	81	53
1978	8	9	82	69
1978	7	7	82	82
1978	7	7	82	74
1978	4	4	82	53
1978	4	4	82	74
1978	4	4	82	82
1978	4	4	82	62
1978	3	3	82	74
1978	3	3	82	58
1978	3	3	82	65
1978	2	2	82	62
1978	1	1	82	82
1978	1	1	82	74
1978	3	3	82	82
1982	8	9	82	69
1986	4	4	82	46
1986	4	4	82	53
1986	4	4	82	62
1986	6	6	82	34
1986	6	6	82	34
1986	8	9	82	69
1988	8	9	82	69
1990	2	2	82	53
1990	8	9	82	69
1992	8	9	82	69
1994	8	9	82	69
1994	7	7	82	82
1994	7	7	82	72
1994	6	6	82	32
1994	6	6	82	34
1994	4	4	82	53
1994	4	4	82	72
1994	4	4	82	44
1994	4	4	82	82
1994	3	3	82	72
1994	3	3	82	44
1994	3	3	82	82
1994	3	3	82	65
1994	3	3	82	46
1994	2	2	82	44
1994	2	2	82	62
1994	2	2	82	46
1994	1	1	82	72
1994	1	1	82	82
1994	3	3	82	56
1998	2	2	82	51
1998	8	9	82	69
1998	4	4	82	51
2002	8	9	83	69
2002	7	7	83	72
2002	7	7	83	72
2002	3	3	83	72
2002	4	4	83	72
2002	4	4	83	72
2002	4	4	83	51
2002	4	4	83	60
2002	3	3	83	72
2002	3	3	83	56
2002	3	3	83	56
2002	2	2	83	60
2002	1	1	83	72
2002	1	1	83	72
2004	8	9	83	69
2006	4	4	83	72
2006	8	9	83	69
2006	7	7	83	72
2006	7	7	83	74
2006	4	4	83	74
2006	3	3	83	72
2006	3	3	83	56
2006	3	3	83	58
2006	3	3	83	74
2006	1	1	83	72
2006	1	1	83	74
2008	8	9	83	69
2010	4	4	83	44
2010	8	9	83	69
2010	7	7	83	74
2010	7	7	83	75
2010	6	6	83	32
2010	6	6	83	32
2010	4	4	83	60
2010	4	4	83	74
2010	4	4	83	75
2010	1	1	83	74
2010	1	1	83	75
2010	3	3	83	75
2010	3	3	83	60
2010	3	3	83	58
2010	3	3	83	74
2010	4	4	83	51
2012	8	9	83	69
2014	2	2	83	51
2018	2	2	83	43
2018	3	3	83	55
2018	3	3	83	60
2018	8	9	83	69
2018	7	7	83	70
2018	7	7	83	75
2018	6	6	83	31
2018	6	6	83	32
2018	4	4	83	43
2018	4	4	83	51
2018	4	4	83	70
2018	3	3	83	44
2018	3	3	83	43
2018	3	3	83	70
2018	3	3	83	75
2018	2	2	83	44
2018	2	2	83	60
2018	1	1	83	75
2018	1	1	83	70
2018	4	4	83	75
2022	2	2	83	50
2022	8	9	83	69
2022	4	4	83	50
2026	4	4	84	79
2026	8	9	84	69
2026	7	7	84	70
2026	7	7	84	79
2026	4	4	84	58
2026	4	4	84	70
2026	4	4	84	50
2026	3	3	84	62
2026	3	3	84	79
2026	1	1	84	79
2026	3	3	84	70
2026	2	2	84	58
2026	1	1	84	70
2026	3	3	84	55
2030	8	9	84	69
2034	4	4	84	43
2034	4	4	84	58
2034	4	4	84	50
2034	6	6	84	31
2034	6	6	84	31
2034	8	9	84	69
2036	8	9	84	69
2038	2	2	84	50
2038	8	9	84	69
2040	8	9	84	69
2042	8	9	84	69
2042	7	7	84	79
2042	7	7	84	68
2042	6	6	84	29
2042	6	6	84	31
2042	4	4	84	50
2042	4	4	84	79
2042	4	4	84	41
2042	4	4	84	68
2042	3	3	84	43
2042	3	3	84	79
2042	3	3	84	41
2042	3	3	84	53
2042	3	3	84	68
2042	2	2	84	43
2042	2	2	84	58
2042	2	2	84	41
2042	1	1	84	79
2042	1	1	84	68
2042	3	3	84	62
2046	2	2	84	48
2046	8	9	84	69
2046	4	4	84	48
2050	8	9	85	69
2050	7	7	85	68
2050	7	7	85	68
2050	4	4	85	68
2050	3	3	85	68
2050	4	4	85	56
2050	4	4	85	68
2050	4	4	85	48
2050	3	3	85	68
2050	3	3	85	53
2050	3	3	85	53
2050	2	2	85	56
2050	1	1	85	68
2050	1	1	85	68
2052	8	9	85	69
2054	4	4	85	70
2054	3	3	85	55
2054	3	3	85	53
2054	8	9	85	69
2054	7	7	85	68
2054	7	7	85	70
2054	4	4	85	68
2054	3	3	85	68
2054	3	3	85	70
2054	1	1	85	68
2054	1	1	85	70
2056	8	9	85	69
2058	6	6	85	29
2058	8	9	85	69
2058	7	7	85	72
2058	7	7	85	70
2058	6	6	85	29
2058	4	4	85	56
2058	4	4	85	70
2058	4	4	85	48
2058	4	4	85	41
2058	1	1	85	72
2058	1	1	85	70
2058	3	3	85	55
2058	3	3	85	70
2058	3	3	85	56
2058	3	3	85	72
2058	4	4	85	72
2060	8	9	85	69
2062	2	2	85	48
2066	2	2	85	41
2066	8	9	85	69
2066	7	7	85	74
2066	7	7	85	72
2066	6	6	85	34
2066	6	6	85	29
2066	4	4	85	74
2066	4	4	85	72
2066	4	4	85	48
2066	4	4	85	46
2066	3	3	85	41
2066	3	3	85	56
2066	3	3	85	58
2066	3	3	85	46
2066	3	3	85	72
2066	2	2	85	46
2066	1	1	85	74
2066	2	2	85	56
2066	1	1	85	72
2066	3	3	85	74
2070	2	2	85	53
2070	8	9	85	69
2070	4	4	85	53
2074	7	7	86	74
2074	8	9	86	69
2074	7	7	86	72
2074	4	4	86	62
2074	4	4	86	74
2074	4	4	86	53
2074	4	4	86	72
2074	3	3	86	60
2074	3	3	86	58
2074	3	3	86	74
2074	1	1	86	74
2074	2	2	86	62
2074	1	1	86	72
2074	3	3	86	72
2078	8	9	86	69
2082	6	6	86	34
2082	8	9	86	69
2082	7	7	86	72
2082	7	7	86	70
2082	6	6	86	34
2082	4	4	86	62
2082	4	4	86	46
2082	4	4	86	72
2082	4	4	86	70
2082	3	3	86	72
2082	1	1	86	70
2082	3	3	86	60
2082	3	3	86	70
2082	3	3	86	58
2082	1	1	86	72
2082	4	4	86	53
2084	8	9	86	69
2086	2	2	86	53
2086	8	9	86	69
2088	8	9	86	69
2090	8	9	86	69
2090	7	7	86	67
2090	7	7	86	70
2090	2	2	86	62
2090	6	6	86	39
2090	6	6	86	34
2090	4	4	86	39
2090	4	4	86	53
2090	4	4	86	67
2090	4	4	86	70
2090	3	3	86	39
2090	3	3	86	70
2090	3	3	86	58
2090	3	3	86	46
2090	3	3	86	51
2090	2	2	86	39
2090	2	2	86	46
2090	1	1	86	67
2090	1	1	86	70
2090	3	3	86	67
2094	8	9	86	69
2094	4	4	86	46
2094	2	2	86	46
2098	2	2	87	55
2098	4	4	87	55
2098	4	4	87	46
2098	8	9	87	69
2100	8	9	87	69
2102	8	9	87	69
2104	8	9	87	69
2106	6	6	87	39
2106	6	6	87	39
2106	7	7	87	65
2106	7	7	87	67
2106	8	9	87	69
2106	3	3	87	51
2106	3	3	87	51
2106	4	4	87	65
2106	4	4	87	46
2106	1	1	87	65
2106	1	1	87	67
2106	3	3	87	65
2106	3	3	87	67
2106	4	4	87	39
2106	4	4	87	55
2106	4	4	87	67
2108	8	9	87	69
2110	2	2	87	46
2114	3	3	87	67
2114	8	9	87	69
2114	7	7	87	67
2114	7	7	87	65
2114	6	6	87	31
2114	6	6	87	39
2114	4	4	87	67
2114	4	4	87	65
2114	4	4	87	46
2114	4	4	87	43
2114	3	3	87	39
2114	3	3	87	65
2114	3	3	87	43
2114	3	3	87	55
2114	3	3	87	51
2114	2	2	87	43
2114	2	2	87	55
2114	2	2	87	39
2114	1	1	87	67
2114	1	1	87	65
2118	2	2	87	50
2118	4	4	87	50
2118	8	9	87	69
2122	4	4	88	59
2122	8	9	88	69
2122	4	4	88	50
2122	2	2	88	59
2126	8	9	88	69
2130	6	6	88	31
2130	8	9	88	69
2130	7	7	88	67
2130	7	7	88	67
2130	6	6	88	31
2130	4	4	88	67
2130	4	4	88	55
2130	4	4	88	67
2130	4	4	88	43
2130	3	3	88	67
2130	1	1	88	67
2130	3	3	88	67
2130	3	3	88	55
2130	3	3	88	55
2130	1	1	88	67
2130	4	4	88	59
2132	8	9	88	69
2134	2	2	88	50
2134	8	9	88	69
2136	8	9	88	69
2138	3	3	88	60
2138	3	3	88	75
2138	4	4	88	75
2138	4	4	88	55
2138	4	4	88	48
2138	4	4	88	67
2138	6	6	88	31
2138	6	6	88	36
2138	7	7	88	75
2138	7	7	88	67
2138	8	9	88	69
2138	3	3	88	67
2138	3	3	88	55
2138	3	3	88	43
2138	2	2	88	43
2138	2	2	88	59
2138	2	2	88	48
2138	1	1	88	67
2138	1	1	88	75
2138	8	9	88	69
2138	3	3	88	48
2142	2	2	88	55
2142	8	9	88	69
2142	4	4	88	55
2146	7	7	89	75
2146	7	7	89	75
2146	4	4	89	75
2146	4	4	89	75
2146	4	4	89	55
2146	4	4	89	60
2146	3	3	89	75
2146	3	3	89	60
2146	3	3	89	75
2146	2	2	89	63
2146	1	1	89	75
2146	1	1	89	75
2146	8	9	89	69
2146	3	3	89	60
2148	8	9	89	69
2149	8	9	89	69
2150	3	3	89	75
2150	7	7	89	77
2150	7	7	89	75
2150	4	4	89	75
2150	4	4	89	77
2150	3	3	89	60
2150	3	3	89	62
2150	3	3	89	77
2150	1	1	89	77
2150	1	1	89	75
2152	8	9	89	69
2154	4	4	89	79
2154	7	7	89	77
2154	7	7	89	79
2154	6	6	89	36
2154	6	6	89	36
2154	4	4	89	48
2154	4	4	89	60
2154	4	4	89	77
2154	4	4	89	55
2154	8	9	89	69
2154	1	1	89	79
2154	1	1	89	77
2154	3	3	89	62
2154	3	3	89	63
2154	3	3	89	77
2154	3	3	89	79
2156	8	9	89	69
2158	2	2	89	55
2162	3	3	89	46
2162	7	7	89	79
2162	7	7	89	74
2162	6	6	89	34
2162	6	6	89	36
2162	4	4	89	55
2162	4	4	89	79
2162	4	4	89	46
2162	4	4	89	74
2162	3	3	89	74
2162	3	3	89	58
2162	3	3	89	79
2162	3	3	89	63
2162	3	3	89	48
2162	2	2	89	63
2162	2	2	89	46
2162	2	2	89	48
2162	1	1	89	79
2162	1	1	89	74
2162	8	9	89	69
2165	8	9	89	69
2166	4	4	89	53
2166	2	2	89	53
2170	4	4	90	62
2170	7	7	90	74
2170	7	7	90	82
2170	4	4	90	74
2170	4	4	90	82
2170	4	4	90	53
2170	3	3	90	82
2170	3	3	90	74
2170	3	3	90	58
2170	3	3	90	65
2170	2	2	90	62
2170	1	1	90	82
2170	1	1	90	74
2170	8	9	90	69
2174	8	9	90	69
2178	4	4	90	53
2178	4	4	90	46
2178	4	4	90	62
2178	6	6	90	34
2178	6	6	90	34
2178	8	9	90	69
2180	8	9	90	69
2182	2	2	90	53
2182	8	9	90	69
2184	8	9	90	69
2186	4	4	90	82
2186	7	7	90	72
2186	7	7	90	82
2186	6	6	90	34
2186	6	6	90	32
2186	4	4	90	72
2186	4	4	90	53
2186	4	4	90	44
2186	3	3	90	72
2186	3	3	90	46
2186	3	3	90	82
2186	3	3	90	44
2186	3	3	90	56
2186	8	9	90	69
2186	2	2	90	44
2186	2	2	90	62
2186	2	2	90	46
2186	1	1	90	72
2186	1	1	90	82
2186	3	3	90	65
2190	8	9	90	69
2190	4	4	90	51
2190	2	2	90	51
2194	2	2	91	60
2194	7	7	91	72
2194	7	7	91	72
2194	4	4	91	72
2194	4	4	91	60
2194	4	4	91	72
2194	4	4	91	51
2194	3	3	91	56
2194	3	3	91	72
2194	3	3	91	56
2194	8	9	91	69
2194	1	1	91	72
2194	1	1	91	72
2194	3	3	91	72
2196	8	9	91	69
2198	3	3	91	56
2198	7	7	91	74
2198	7	7	91	72
2198	4	4	91	74
2198	4	4	91	72
2198	3	3	91	74
2198	3	3	91	58
2198	3	3	91	72
2198	1	1	91	72
2198	1	1	91	74
2198	8	9	91	69
2200	8	9	91	69
2202	4	4	91	51
2202	4	4	91	75
2202	4	4	91	60
2202	6	6	91	32
2202	6	6	91	32
2202	7	7	91	74
2202	7	7	91	75
2202	4	4	91	44
2202	3	3	91	75
2202	4	4	91	74
2202	1	1	91	74
2202	1	1	91	75
2202	3	3	91	58
2202	3	3	91	74
2202	3	3	91	60
2202	8	9	91	69
2204	8	9	91	69
2206	2	2	91	51
2210	3	3	91	55
2210	7	7	91	75
2210	7	7	91	70
2210	6	6	91	32
2210	6	6	91	31
2210	4	4	91	43
2210	4	4	91	70
2210	4	4	91	75
2210	4	4	91	51
2210	3	3	91	70
2210	3	3	91	43
2210	3	3	91	75
2210	3	3	91	60
2210	3	3	91	44
2210	2	2	91	43
2210	2	2	91	44
2210	2	2	91	60
2210	1	1	91	70
2210	1	1	91	75
2210	8	9	91	69
2214	8	9	91	69
2214	4	4	91	50
2214	2	2	91	50
2218	1	1	92	70
2218	7	7	92	70
2218	7	7	92	79
2218	4	4	92	70
2218	4	4	92	58
2218	4	4	92	79
2218	4	4	92	50
2218	3	3	92	62
2218	3	3	92	55
2218	3	3	92	70
2218	2	2	92	58
2218	1	1	92	79
2218	8	9	92	69
2218	3	3	92	79
2222	8	9	92	69
2226	8	9	92	69
2226	4	4	92	50
2226	4	4	92	58
2226	4	4	92	43
2226	6	6	92	31
2226	6	6	92	31
2228	8	9	92	69
2230	8	9	92	69
2230	2	2	92	50
2232	8	9	92	69
2234	3	3	92	43
2234	7	7	92	79
2234	7	7	92	68
2234	6	6	92	31
2234	6	6	92	29
2234	4	4	92	41
2234	4	4	92	68
2234	4	4	92	79
2234	4	4	92	50
2234	3	3	92	68
2234	3	3	92	41
2234	3	3	92	53
2234	1	1	92	79
2234	1	1	92	68
2234	2	2	92	41
2234	2	2	92	58
2234	8	9	92	69
2234	3	3	92	62
2234	3	3	92	79
2234	2	2	92	43
2238	8	9	92	69
2238	2	2	92	48
2238	4	4	92	48
2242	3	3	93	68
2242	7	7	93	68
2242	7	7	93	70
2242	4	4	93	68
2242	4	4	93	56
2242	4	4	93	68
2242	4	4	93	48
2242	3	3	93	70
2242	3	3	93	55
2242	3	3	93	53
2242	2	2	93	53
2242	1	1	93	68
2242	1	1	93	70
2242	8	9	93	69
2244	8	9	93	69
2246	4	4	93	70
2246	8	9	93	69
2246	4	4	93	68
2248	8	9	93	69
2250	6	6	93	29
2250	7	7	93	72
2250	7	7	93	70
2250	6	6	93	29
2250	4	4	93	41
2250	4	4	93	56
2250	4	4	93	70
2250	4	4	93	48
2250	3	3	93	72
2250	3	3	93	70
2250	3	3	93	55
2250	3	3	93	56
2250	1	1	93	70
2250	1	1	93	72
2250	8	9	93	69
2250	4	4	93	72
2252	8	9	93	69
2254	2	2	93	48
2258	3	3	93	58
2258	4	4	93	43
2258	4	4	93	48
2258	4	4	93	72
2258	4	4	93	74
2258	6	6	93	29
2258	6	6	93	31
2258	7	7	93	72
2258	1	1	93	74
2258	7	7	93	74
2258	3	3	93	72
2258	3	3	93	56
2258	3	3	93	41
2258	3	3	93	74
2258	2	2	93	41
2258	2	2	93	53
2258	2	2	93	43
2258	1	1	93	72
2258	8	9	93	69
2258	3	3	93	43
2262	8	9	93	69
2262	4	4	93	50
2262	2	2	93	50
2266	3	3	94	58
2266	7	7	94	72
2266	7	7	94	74
2266	4	4	94	72
2266	4	4	94	74
2266	4	4	94	50
2266	4	4	94	58
2266	3	3	94	72
2266	3	3	94	60
2266	3	3	94	74
2266	2	2	94	58
2266	1	1	94	74
2266	1	1	94	72
2266	8	9	94	69
2270	8	9	94	69
2274	1	1	94	72
2274	7	7	94	72
2274	7	7	94	70
2274	6	6	94	31
2274	6	6	94	31
2274	4	4	94	70
2274	4	4	94	50
2274	4	4	94	72
2274	4	4	94	43
2274	3	3	94	70
2274	3	3	94	62
2274	3	3	94	60
2274	3	3	94	72
2274	1	1	94	70
2274	8	9	94	69
2274	4	4	94	58
2276	8	9	94	69
2278	8	9	94	69
2278	2	2	94	50
2280	8	9	94	69
2282	7	7	94	70
2282	7	7	94	72
2282	6	6	94	32
2282	6	6	94	31
2282	4	4	94	72
2282	4	4	94	70
2282	4	4	94	50
2282	3	3	94	43
2282	4	4	94	44
2282	3	3	94	70
2282	3	3	94	62
2282	3	3	94	63
2282	3	3	94	72
2282	2	2	94	58
2282	2	2	94	44
2282	2	2	94	43
2282	1	1	94	72
2282	1	1	94	70
2282	8	9	94	69
2282	3	3	94	44
2286	8	9	94	69
2286	2	2	94	51
2286	4	4	94	51
2290	4	4	95	60
2290	4	4	95	51
2290	2	2	95	60
2290	8	9	95	69
2292	8	9	95	69
2294	8	9	95	69
2294	2	2	95	51
2296	8	9	95	69
2298	3	3	95	72
2298	7	7	95	70
2298	7	7	95	72
2298	6	6	95	32
2298	6	6	95	34
2298	4	4	95	44
2298	4	4	95	60
2298	4	4	95	72
2298	4	4	95	46
2298	4	4	95	70
2298	3	3	95	70
2298	3	3	95	46
2298	3	3	95	44
2298	3	3	95	63
2298	2	2	95	44
2298	2	2	95	46
2298	1	1	95	70
2298	1	1	95	72
2298	8	9	95	69
2298	3	3	95	62
2300	8	9	95	69
2306	7	7	95	72
2306	7	7	95	70
2306	6	6	95	34
2306	6	6	95	36
2306	4	4	95	72
2306	4	4	95	46
2306	4	4	95	48
2306	4	4	95	70
2306	3	3	95	46
2306	3	3	95	62
2306	3	3	95	48
2306	3	3	95	72
2306	3	3	95	60
2306	2	2	95	46
2306	2	2	95	60
2306	2	2	95	48
2306	1	1	95	70
2306	1	1	95	72
2306	8	9	95	69
2306	3	3	95	70
2310	8	9	95	69
2310	2	2	95	55
2310	4	4	95	55
2314	8	9	96	69
2314	4	4	96	60
2314	4	4	96	55
2314	2	2	96	60
2318	8	9	96	69
2322	3	3	96	60
2322	7	7	96	67
2322	7	7	96	72
2322	6	6	96	36
2322	6	6	96	36
2322	4	4	96	48
2322	4	4	96	60
2322	4	4	96	55
2322	4	4	96	72
2322	3	3	96	72
2322	8	9	96	69
2322	3	3	96	55
2322	3	3	96	67
2322	2	2	96	48
2322	1	1	96	67
2322	1	1	96	72
2322	4	4	96	67
2324	8	9	96	69
2326	8	9	96	69
2326	2	2	96	55
2328	8	9	96	69
2330	7	7	96	75
2330	6	6	96	36
2330	6	6	96	36
2330	4	4	96	48
2330	4	4	96	75
2330	3	3	96	60
2330	3	3	96	55
2330	3	3	96	48
2330	3	3	96	75
2330	2	2	96	48
2330	1	1	96	67
2330	1	1	96	75
2330	2	2	96	60
2330	4	4	96	55
2330	7	7	96	67
2330	3	3	96	67
2330	4	4	96	67
2330	8	9	96	69
2330	8	9	96	69
2330	3	3	96	48
2334	8	9	96	69
2334	2	2	96	55
2334	4	4	96	55
2338	3	3	97	75
2338	7	7	97	75
2338	7	7	97	75
2338	4	4	97	75
2338	4	4	97	60
2338	4	4	97	75
2338	4	4	97	55
2338	3	3	97	60
2338	3	3	97	75
2338	3	3	97	60
2338	2	2	97	63
2338	1	1	97	75
2338	1	1	97	75
2338	8	9	97	69
2340	8	9	97	69
2342	7	7	97	77
2342	7	7	97	75
2342	4	4	97	75
2342	4	4	97	77
2342	3	3	97	75
2342	3	3	97	60
2342	3	3	97	77
2342	2	2	97	55
2342	1	1	97	77
2342	1	1	97	75
2342	8	9	97	69
2342	3	3	97	62
2344	8	9	97	69
2346	4	4	97	60
2346	7	7	97	77
2346	7	7	97	79
2346	6	6	97	36
2346	6	6	97	36
2346	4	4	97	48
2346	4	4	97	77
2346	4	4	97	55
2346	3	3	97	62
2346	3	3	97	63
2346	3	3	97	79
2346	3	3	97	77
2346	1	1	97	77
2346	1	1	97	79
2346	8	9	97	69
2346	4	4	97	79
2348	8	9	97	69
2354	3	3	97	74
2354	4	4	97	55
2354	4	4	97	74
2354	4	4	97	46
2354	4	4	97	79
2354	6	6	97	34
2354	6	6	97	36
2354	7	7	97	74
2354	7	7	97	79
2354	3	3	97	79
2354	3	3	97	58
2354	3	3	97	63
2354	3	3	97	48
2354	3	3	97	46
2354	2	2	97	46
2354	2	2	97	63
2354	2	2	97	48
2354	1	1	97	74
2354	1	1	97	79
2354	8	9	97	69
2358	8	9	97	69
2358	4	4	97	53
2358	2	2	97	53
2362	4	4	98	53
2362	7	7	98	82
2362	7	7	98	74
2362	4	4	98	82
2362	4	4	98	62
2362	4	4	98	74
2362	3	3	98	74
2362	3	3	98	65
2362	3	3	98	82
2362	2	2	98	62
2362	8	9	98	69
2362	1	1	98	74
2362	1	1	98	82
2362	3	3	98	58
2366	8	9	98	69
2370	8	9	98	69
2370	4	4	98	62
2370	4	4	98	46
2370	4	4	98	53
2370	6	6	98	34
2370	6	6	98	34
2372	8	9	98	69
2374	8	9	98	69
2374	2	2	98	53
2376	8	9	98	69
2378	6	6	98	32
2378	7	7	98	72
2378	7	7	98	82
2378	6	6	98	34
2378	4	4	98	53
2378	4	4	98	82
2378	4	4	98	44
2378	4	4	98	72
2378	3	3	98	46
2378	3	3	98	82
2378	3	3	98	56
2378	3	3	98	72
2378	3	3	98	65
2378	2	2	98	62
2378	2	2	98	46
2378	2	2	98	44
2378	8	9	98	69
2378	1	1	98	82
2378	1	1	98	72
2378	3	3	98	44
2382	8	9	98	69
2382	4	4	98	51
2382	2	2	98	51
2386	3	3	99	72
2386	7	7	99	72
2386	7	7	99	72
2386	4	4	99	72
2386	4	4	99	60
2386	4	4	99	51
2386	4	4	99	72
2386	3	3	99	56
2386	3	3	99	56
2386	3	3	99	72
2386	2	2	99	60
2386	1	1	99	72
2386	1	1	99	72
2386	8	9	99	69
2388	8	9	99	69
2390	3	3	99	58
2390	7	7	99	72
2390	7	7	99	74
2390	4	4	99	74
2390	4	4	99	72
2390	3	3	99	72
2390	3	3	99	74
2390	1	1	99	72
2390	1	1	99	74
2390	8	9	99	69
2390	3	3	99	56
2392	8	9	99	69
2394	4	4	99	75
2394	7	7	99	75
2394	7	7	99	74
2394	6	6	99	32
2394	6	6	99	32
2394	4	4	99	44
2394	4	4	99	74
2394	4	4	99	51
2394	4	4	99	60
2394	3	3	99	58
2394	3	3	99	60
2394	3	3	99	75
2394	3	3	99	74
2394	1	1	99	75
2394	1	1	99	74
2394	8	9	99	69
2396	8	9	99	69
2398	2	2	99	51
2402	3	3	99	43
2402	3	3	99	75
2402	4	4	99	51
2402	4	4	99	43
2402	4	4	99	75
2402	4	4	99	70
2402	6	6	99	32
2402	7	7	99	75
2402	7	7	99	70
2402	6	6	99	31
2402	3	3	99	70
2402	3	3	99	60
2402	3	3	99	44
2402	2	2	99	44
2402	2	2	99	60
2402	2	2	99	43
2402	8	9	99	69
2402	1	1	99	70
2402	1	1	99	75
2402	3	3	99	55
2406	8	9	99	69
2406	4	4	99	50
2406	2	2	99	50
2410	1	1	100	70
2410	7	7	100	79
2410	7	7	100	70
2410	4	4	100	79
2410	4	4	100	58
2410	4	4	100	70
2410	4	4	100	50
2410	3	3	100	70
2410	3	3	100	55
2410	3	3	100	62
2410	3	3	100	79
2410	2	2	100	58
2410	1	1	100	79
2410	8	9	100	69
2414	8	9	100	69
2418	4	4	100	58
2418	6	6	100	31
2418	6	6	100	31
2418	4	4	100	50
2418	8	9	100	69
2418	4	4	100	43
2420	8	9	100	69
2422	8	9	100	69
2422	2	2	100	50
2424	8	9	100	69
2426	3	3	100	41
2426	7	7	100	68
2426	7	7	100	79
2426	6	6	100	29
2426	6	6	100	31
2426	4	4	100	68
2426	4	4	100	41
2426	4	4	100	79
2426	4	4	100	50
2426	3	3	100	68
2426	3	3	100	53
2426	3	3	100	43
2426	3	3	100	62
2426	3	3	100	79
2426	2	2	100	43
2426	2	2	100	58
2426	2	2	100	41
2426	1	1	100	68
2426	1	1	100	79
2426	8	9	100	69
2430	4	4	100	48
2430	8	9	100	69
2430	2	2	100	48
2434	8	9	101	69
2434	7	7	101	68
2434	7	7	101	68
2434	4	4	101	68
2434	4	4	101	56
2434	4	4	101	48
2434	4	4	101	68
2434	3	3	101	53
2434	3	3	101	68
2434	3	3	101	53
2434	3	3	101	68
2434	2	2	101	56
2434	1	1	101	68
2434	1	1	101	68
2436	8	9	101	69
2438	1	1	101	68
2438	7	7	101	68
2438	7	7	101	70
2438	4	4	101	70
2438	4	4	101	68
2438	3	3	101	55
2438	3	3	101	68
2438	3	3	101	53
2438	3	3	101	70
2438	1	1	101	70
2438	8	9	101	69
2440	8	9	101	69
2442	8	9	101	69
2442	7	7	101	72
2442	7	7	101	70
2442	6	6	101	29
2442	6	6	101	29
2442	4	4	101	72
2442	4	4	101	70
2442	4	4	101	56
2442	4	4	101	48
2442	3	3	101	70
2442	3	3	101	72
2442	3	3	101	55
2442	3	3	101	56
2442	1	1	101	72
2442	1	1	101	70
2442	4	4	101	41
2444	8	9	101	69
2446	2	2	101	48
2450	3	3	101	56
2450	3	3	101	41
2450	4	4	101	46
2450	4	4	101	74
2450	4	4	101	72
2450	4	4	101	48
2450	6	6	101	29
2450	6	6	101	34
2450	7	7	101	74
2450	7	7	101	72
2450	3	3	101	46
2450	3	3	101	58
2450	3	3	101	74
2450	2	2	101	46
2450	2	2	101	56
2450	2	2	101	41
2450	1	1	101	74
2450	1	1	101	72
2450	8	9	101	69
2450	3	3	101	72
2454	8	9	101	69
2454	4	4	101	53
2454	2	2	101	53
2458	3	3	101	74
2458	7	7	101	72
2458	7	7	101	74
2458	4	4	101	72
2458	4	4	101	53
2458	4	4	101	74
2458	4	4	101	62
2458	3	3	101	72
2458	3	3	101	56
2458	3	3	101	58
2458	2	2	101	62
2458	1	1	101	74
2458	1	1	101	72
2458	8	9	101	69
2462	8	9	102	69
2466	1	1	102	70
2466	7	7	102	72
2466	7	7	102	70
2466	6	6	102	34
2466	6	6	102	34
2466	4	4	102	72
2466	4	4	102	70
2466	4	4	102	46
2466	4	4	102	53
2466	3	3	102	72
2466	3	3	102	56
2466	3	3	102	55
2466	3	3	102	70
2466	1	1	102	72
2466	8	9	102	69
2466	4	4	102	62
2468	8	9	102	69
2470	8	9	102	69
2470	2	2	102	53
2472	8	9	102	69
2474	7	7	102	70
2474	7	7	102	67
2474	6	6	102	34
2474	6	6	102	39
2474	4	4	102	39
2474	4	4	102	53
2474	4	4	102	70
2474	4	4	102	67
2474	3	3	102	70
2474	3	3	102	55
2474	3	3	102	67
2474	3	3	102	39
2474	8	9	102	69
2474	1	1	102	70
2474	1	1	102	67
2474	2	2	102	39
2474	2	2	102	46
2474	3	3	102	46
2474	3	3	102	51
2474	2	2	102	62
2478	8	9	102	69
2478	2	2	102	46
2478	4	4	102	46
2482	8	9	102	69
2482	2	2	102	55
2482	4	4	102	46
2482	4	4	102	55
2484	8	9	103	69
2486	8	9	103	69
2488	8	9	103	69
2490	7	7	103	65
2490	7	7	103	67
2490	1	1	103	65
2490	6	6	103	39
2490	6	6	103	39
2490	4	4	103	65
2490	4	4	103	46
2490	4	4	103	67
2490	4	4	103	55
2490	4	4	103	39
2490	3	3	103	65
2490	3	3	103	53
2490	3	3	103	51
2490	3	3	103	67
2490	1	1	103	67
2490	8	9	103	69
2492	8	9	103	69
2494	2	2	103	46
2498	1	1	103	65
2498	7	7	103	65
2498	7	7	103	67
2498	6	6	103	39
2498	6	6	103	31
2498	4	4	103	65
2498	4	4	103	46
2498	4	4	103	43
2498	4	4	103	67
2498	3	3	103	67
2498	3	3	103	65
2498	3	3	103	43
2498	3	3	103	53
2498	3	3	103	39
2498	2	2	103	43
2498	2	2	103	55
2498	2	2	103	39
2498	1	1	103	67
2498	8	9	103	69
2498	3	3	103	55
2502	8	9	103	69
2502	2	2	103	50
2502	4	4	103	50
2506	8	9	103	69
2506	4	4	103	59
2506	4	4	103	50
2506	2	2	103	59
2510	8	9	104	69
2514	7	7	104	67
2514	7	7	104	67
2514	1	1	104	67
2514	6	6	104	31
2514	6	6	104	31
2514	4	4	104	67
2514	4	4	104	55
2514	4	4	104	67
2514	4	4	104	59
2514	4	4	104	43
2514	8	9	104	69
2514	1	1	104	67
2514	3	3	104	55
2514	3	3	104	55
2514	3	3	104	67
2514	3	3	104	67
2516	8	9	104	69
2518	8	9	104	69
2518	2	2	104	50
2520	8	9	104	69
2522	4	4	104	75
2522	4	4	104	48
2522	4	4	104	67
2522	4	4	104	55
2522	6	6	104	31
2522	6	6	104	36
2522	7	7	104	67
2522	7	7	104	75
2522	8	9	104	69
2522	8	9	104	69
2522	3	3	104	75
2522	1	1	104	75
2522	1	1	104	67
2522	2	2	104	48
2522	2	2	104	59
2522	2	2	104	43
2522	3	3	104	55
2522	3	3	104	43
2522	3	3	104	48
2522	3	3	104	60
2522	3	3	104	67
2526	2	2	104	55
2526	4	4	104	55
2526	8	9	104	69
2530	2	2	104	63
2530	8	9	104	69
2530	7	7	104	75
2530	7	7	104	75
2530	4	4	104	75
2530	4	4	104	75
2530	4	4	104	55
2530	3	3	104	75
2530	3	3	104	60
2530	3	3	104	60
2530	3	3	104	75
2530	1	1	104	75
2530	1	1	104	75
2530	4	4	104	60
2532	8	9	105	69
2534	4	4	105	77
2534	8	9	105	69
2534	7	7	105	77
2534	7	7	105	75
2534	4	4	105	75
2534	3	3	105	77
2534	3	3	105	62
2534	3	3	105	60
2534	3	3	105	75
2534	1	1	105	75
2534	1	1	105	77
2536	8	9	105	69
2538	1	1	105	77
2538	8	9	105	69
2538	7	7	105	77
2538	7	7	105	79
2538	6	6	105	36
2538	6	6	105	36
2538	4	4	105	55
2538	4	4	105	79
2538	4	4	105	60
2538	4	4	105	48
2538	3	3	105	79
2538	3	3	105	63
2538	3	3	105	62
2538	3	3	105	77
2538	1	1	105	79
2538	4	4	105	77
2540	8	9	105	69
2542	2	2	105	55
2546	3	3	105	74
2546	6	6	105	36
2546	4	4	105	55
2546	4	4	105	79
2546	4	4	105	46
2546	4	4	105	74
2546	6	6	105	34
2546	7	7	105	79
2546	7	7	105	74
2546	8	9	105	69
2546	3	3	105	46
2546	3	3	105	79
2546	3	3	105	48
2546	3	3	105	63
2546	2	2	105	46
2546	2	2	105	63
2546	2	2	105	48
2546	1	1	105	79
2546	1	1	105	74
2546	3	3	105	58
2550	2	2	105	53
2550	8	9	105	69
2550	4	4	105	53
2554	8	9	105	69
2554	7	7	105	82
2554	2	2	105	62
2554	7	7	105	74
2554	4	4	105	53
2554	4	4	105	74
2554	4	4	105	62
2554	4	4	105	82
2554	3	3	105	65
2554	3	3	105	82
2554	3	3	105	58
2554	3	3	105	74
2554	1	1	105	82
2554	1	1	105	74
2558	8	9	106	69
2562	8	9	106	69
2562	4	4	106	46
2562	6	6	106	34
2562	4	4	106	53
2562	6	6	106	34
2562	4	4	106	62
2564	8	9	106	69
2566	8	9	106	69
2566	2	2	106	53
2568	8	9	106	69
2570	3	3	106	56
2570	8	9	106	69
2570	7	7	106	82
2570	7	7	106	72
2570	6	6	106	32
2570	6	6	106	34
2570	4	4	106	44
2570	4	4	106	53
2570	4	4	106	82
2570	4	4	106	72
2570	3	3	106	72
2570	3	3	106	44
2570	3	3	106	82
2570	3	3	106	65
2570	3	3	106	46
2570	2	2	106	44
2570	2	2	106	62
2570	2	2	106	46
2570	1	1	106	82
2570	1	1	106	72
2574	8	9	106	69
2574	2	2	106	51
2574	4	4	106	51
2578	7	7	106	72
2578	8	9	106	69
2578	7	7	106	72
2578	4	4	106	72
2578	4	4	106	60
2578	4	4	106	72
2578	4	4	106	51
2578	3	3	106	56
2578	3	3	106	56
2578	3	3	106	72
2578	2	2	106	60
2578	1	1	106	72
2578	1	1	106	72
2578	3	3	106	72
2580	8	9	107	69
2582	3	3	107	72
2582	8	9	107	69
2582	7	7	107	72
2582	7	7	107	74
2582	4	4	107	72
2582	4	4	107	74
2582	3	3	107	74
2582	3	3	107	58
2582	3	3	107	56
2582	1	1	107	72
2582	1	1	107	74
2584	8	9	107	69
2586	7	7	107	74
2586	1	1	107	75
2586	8	9	107	69
2586	7	7	107	75
2586	6	6	107	32
2586	6	6	107	32
2586	4	4	107	74
2586	4	4	107	60
2586	4	4	107	51
2586	1	1	107	74
2586	3	3	107	75
2586	3	3	107	60
2586	3	3	107	58
2586	3	3	107	74
2586	4	4	107	75
2586	4	4	107	44
2588	8	9	107	69
2590	2	2	107	51
2594	3	3	107	55
2594	8	9	107	69
2594	7	7	107	75
2594	7	7	107	70
2594	6	6	107	31
2594	6	6	107	32
2594	4	4	107	51
2594	4	4	107	75
2594	4	4	107	43
2594	4	4	107	70
2594	3	3	107	75
2594	3	3	107	70
2594	3	3	107	60
2594	3	3	107	44
2594	2	2	107	43
2594	2	2	107	60
2594	2	2	107	44
2594	1	1	107	70
2594	1	1	107	75
2594	3	3	107	43
2598	2	2	107	50
2598	8	9	107	69
2598	4	4	107	50
2602	8	9	107	69
2602	1	1	107	70
2602	7	7	107	79
2602	7	7	107	70
2602	4	4	107	50
2602	4	4	107	79
2602	4	4	107	58
2602	4	4	107	70
2602	3	3	107	79
2602	3	3	107	62
2602	3	3	107	55
2602	3	3	107	70
2602	2	2	107	58
2602	1	1	107	79
2606	8	9	108	69
2610	4	4	108	50
2610	4	4	108	43
2610	8	9	108	69
2610	6	6	108	31
2610	6	6	108	31
2610	4	4	108	58
2612	8	9	108	69
2614	2	2	108	50
2614	8	9	108	69
2616	8	9	108	69
2618	3	3	108	62
2618	8	9	108	69
2618	7	7	108	79
2618	7	7	108	68
2618	6	6	108	29
2618	6	6	108	31
2618	4	4	108	79
2618	4	4	108	50
2618	4	4	108	41
2618	4	4	108	68
2618	3	3	108	68
2618	3	3	108	53
2618	3	3	108	41
2618	3	3	108	79
2618	3	3	108	43
2618	2	2	108	58
2618	2	2	108	41
2618	2	2	108	43
2618	1	1	108	68
2618	1	1	108	79
2622	2	2	108	48
2622	8	9	108	69
2622	4	4	108	48
2626	1	1	108	70
2626	8	9	108	69
2626	7	7	108	70
2626	7	7	108	68
2626	4	4	108	68
2626	4	4	108	56
2626	4	4	108	68
2626	3	3	108	68
2626	3	3	108	53
2626	3	3	108	55
2626	3	3	108	70
2626	2	2	108	53
2626	1	1	108	68
2626	4	4	108	48
2628	8	9	109	69
2630	8	9	109	69
2630	4	4	109	68
2630	4	4	109	70
2632	8	9	109	69
2634	4	4	109	72
2634	8	9	109	69
2634	7	7	109	72
2634	7	7	109	70
2634	6	6	109	29
2634	6	6	109	29
2634	4	4	109	41
2634	4	4	109	56
2634	4	4	109	48
2634	1	1	109	70
2634	3	3	109	72
2634	3	3	109	56
2634	3	3	109	55
2634	3	3	109	70
2634	1	1	109	72
2634	4	4	109	70
2636	8	9	109	69
2638	2	2	109	48
2642	3	3	109	74
2642	7	7	109	72
2642	4	4	109	43
2642	4	4	109	48
2642	4	4	109	72
2642	4	4	109	74
2642	6	6	109	31
2642	6	6	109	29
2642	7	7	109	74
2642	8	9	109	69
2642	3	3	109	43
2642	3	3	109	72
2642	3	3	109	56
2642	3	3	109	41
2642	2	2	109	41
2642	2	2	109	43
2642	2	2	109	53
2642	1	1	109	72
2642	1	1	109	74
2642	3	3	109	58
2646	2	2	109	50
2646	8	9	109	69
2646	4	4	109	50
2650	8	9	109	69
2650	7	7	109	72
2650	7	7	109	74
2650	4	4	109	50
2650	4	4	109	74
2650	3	3	109	60
2650	4	4	109	58
2650	4	4	109	72
2650	3	3	109	72
2650	3	3	109	58
2650	3	3	109	74
2650	2	2	109	58
2650	1	1	109	74
2650	1	1	109	72
2654	8	9	110	69
2658	8	9	110	69
2658	7	7	110	72
2658	7	7	110	70
2658	6	6	110	31
2658	6	6	110	31
2658	4	4	110	50
2658	4	4	110	72
2658	4	4	110	58
2658	4	4	110	70
2658	3	3	110	70
2658	3	3	110	72
2658	3	3	110	60
2658	3	3	110	62
2658	1	1	110	72
2658	1	1	110	70
2658	4	4	110	43
2660	8	9	110	69
2662	2	2	110	50
2662	8	9	110	69
2664	8	9	110	69
2666	4	4	110	72
2666	8	9	110	69
2666	7	7	110	72
2666	7	7	110	70
2666	6	6	110	31
2666	6	6	110	32
2666	4	4	110	70
2666	4	4	110	50
2666	4	4	110	44
2666	3	3	110	43
2666	3	3	110	70
2666	3	3	110	44
2666	3	3	110	63
2666	1	1	110	72
2666	3	3	110	72
2666	2	2	110	43
2666	2	2	110	58
2666	2	2	110	44
2666	1	1	110	70
2666	3	3	110	62
2670	2	2	110	51
2670	4	4	110	51
2670	8	9	110	69
2674	4	4	110	60
2674	8	9	110	69
2674	4	4	110	51
2674	2	2	110	60
2676	8	9	111	69
2678	2	2	111	51
2678	8	9	111	69
2680	8	9	111	69
2682	8	9	111	69
2682	7	7	111	70
2682	7	7	111	72
2682	6	6	111	34
2682	6	6	111	32
2682	4	4	111	70
2682	4	4	111	46
2682	4	4	111	72
2682	4	4	111	60
2682	4	4	111	44
2682	3	3	111	62
2682	3	3	111	70
2682	1	1	111	70
2682	1	1	111	72
2682	2	2	111	46
2682	2	2	111	44
2682	3	3	111	44
2682	3	3	111	72
2682	3	3	111	46
2682	3	3	111	63
2684	8	9	111	69
2690	3	3	111	70
2690	8	9	111	69
2690	7	7	111	72
2690	7	7	111	70
2690	6	6	111	34
2690	6	6	111	36
2690	4	4	111	72
2690	4	4	111	48
2690	4	4	111	70
2690	4	4	111	46
2690	3	3	111	62
2690	3	3	111	46
2690	3	3	111	48
2690	3	3	111	60
2690	3	3	111	72
2690	2	2	111	48
2690	2	2	111	46
2690	2	2	111	60
2690	1	1	111	72
2690	1	1	111	70
2694	8	9	111	69
2694	4	4	111	55
2694	2	2	111	55
2698	2	2	111	60
2698	4	4	111	55
2698	4	4	111	60
2698	8	9	111	69
2702	8	9	112	69
2706	8	9	112	69
2706	7	7	112	72
2706	6	6	112	36
2706	4	4	112	55
2706	4	4	112	72
2706	4	4	112	48
2706	3	3	112	72
2706	3	3	112	60
2706	2	2	112	48
2706	1	1	112	72
2706	4	4	112	60
2708	8	9	112	69
2710	2	2	112	55
2710	8	9	112	69
2712	8	9	112	69
2714	2	2	112	60
2714	1	1	112	60
2714	3	3	112	48
2714	4	4	112	55
2716	1	1	112	67
2718	1	1	112	70
2720	1	1	112	74
2786	1	1	115	74
2786	1	1	115	70
2786	1	1	115	67
2786	1	1	115	60
