30 40
30 0
30 40
30 0
30 42
30 0
30 40
30 0
30 38
30 0
30 43
30 0
32 37
32 0
32 41
32 0
32 38
32 0
32 40
32 0
32 40
32 0
32 42
32 0
34 43
34 0
34 38
34 0
34 41
34 0
34 42
34 0
34 41
34 0
34 38
34 0
32 42
32 0
32 42
32 0
32 38
32 0
32 42
32 0
32 42
32 0
32 38
32 0
30 43
30 0
30 41
30 0
30 42
30 0
30 38
30 0
30 42
30 0
30 41
30 0
32 38
32 0
32 38
32 0
32 38
32 0
32 38
32 0
32 42
32 0
32 40
32 0
34 42
34 0
34 40
34 0
34 43
34 0
34 40
34 0
34 41
34 0
34 37
34 0
32 40
32 0
32 37
32 0
32 41
32 0
66 50
66 0
73 50
73 0
66 50
66 0
73 50
73 0
66 51
66 0
73 50
73 0
66 50
66 0
73 51
73 0
68 52
75 52
68 0
75 0
68 51
75 50
68 0
75 0
68 51
75 52
68 0
75 0
68 50
75 50
68 0
75 0
70 50
77 50
70 0
77 0
70 50
77 50
70 0
77 0
70 51
77 50
70 0
77 0
70 50
77 51
70 0
77 0
73 51
73 0
80 50
80 0
73 52
73 0
80 51
80 0
73 50
73 0
80 50
80 0
73 50
73 0
80 52
80 0
66 51
66 0
73 52
73 0
66 50
66 0
73 52
73 0
66 52
66 0
73 50
73 0
66 52
66 0
73 50
73 0
68 50
75 50
68 0
75 0
68 52
75 52
68 0
75 0
68 52
75 50
68 0
75 0
68 52
75 52
68 0
75 0
70 51
77 50
70 0
77 0
70 51
77 52
70 0
77 0
70 50
77 51
70 0
77 0
70 50
77 50
70 0
77 0
73 50
73 0
80 52
80 0
73 50
73 0
80 51
80 0
73 51
73 0
80 50
80 0
73 50
77 55
73 0
80 50
77 0
73 53
80 0
66 50
73 0
68 55
66 0
73 50
68 0
75 56
73 0
66 50
66 0
73 50
75 0
77 53
73 0
66 51
77 0
80 56
66 0
73 50
80 0
77 56
73 0
66 50
66 0
73 51
77 0
73 55
73 0
68 52
73 0
68 52
75 52
68 0
68 0
75 53
75 0
68 51
75 50
68 0
75 0
68 51
75 0
72 53
75 52
68 0
72 0
73 55
75 0
68 50
73 0
77 53
75 50
68 0
77 0
73 55
75 0
70 50
73 0
68 55
77 50
70 0
68 0
75 55
77 0
70 50
77 50
70 0
75 0
77 53
77 0
70 51
77 0
80 53
77 50
70 0
80 0
77 55
77 0
70 50
77 51
70 0
77 0
73 52
77 0
73 51
73 0
75 55
73 0
80 50
75 0
72 53
80 0
73 52
73 0
80 51
72 0
73 55
80 0
73 50
73 0
68 55
73 0
80 50
80 0
73 50
68 0
77 56
73 0
80 52
77 0
73 53
80 0
66 51
73 0
68 53
66 0
73 52
68 0
75 55
73 0
66 50
66 0
73 52
75 0
77 55
73 0
66 52
77 0
80 56
66 0
73 50
80 0
77 53
73 0
66 52
66 0
73 50
77 0
73 53
73 0
68 50
73 0
75 53
75 50
68 0
75 0
68 52
75 52
68 0
75 0
73 55
75 0
68 52
73 0
80 56
75 50
68 0
80 0
75 53
75 0
68 52
75 52
68 0
75 0
73 55
75 0
70 51
73 0
80 55
77 50
70 0
80 0
75 56
77 0
70 51
77 52
70 0
75 0
73 53
77 0
70 50
73 0
80 56
77 51
70 0
80 0
75 53
77 0
70 50
75 0
73 56
77 50
70 0
73 0
80 52
77 0
73 50
80 0
75 53
73 0
80 52
75 0
73 56
80 0
73 50
73 0
80 53
73 0
80 51
80 0
75 56
80 0
73 51
75 0
73 55
73 0
80 50
73 0
80 53
80 0
73 50
80 0
73 0
80 50
80 0
66 51
66 0
73 52
85 66
73 0
66 50
85 0
87 61
87 0
85 61
89 61
89 0
85 0
66 0
73 52
85 58
89 58
73 0
66 52
85 0
89 0
89 60
85 60
66 0
73 50
89 0
85 0
85 63
82 63
73 0
66 52
85 0
82 0
66 0
73 50
73 0
68 50
75 50
68 0
84 61
75 0
68 52
84 0
85 62
85 0
84 60
87 60
84 0
87 0
75 52
68 0
85 61
82 61
75 0
68 52
85 0
82 0
84 63
87 63
75 50
68 0
84 0
87 0
89 66
92 66
75 0
68 52
89 0
92 0
75 52
68 0
75 0
70 51
77 50
70 0
85 65
77 0
70 51
85 0
87 62
87 0
85 61
89 61
89 0
85 0
77 52
70 0
92 66
89 66
77 0
70 50
92 0
89 0
89 61
94 61
77 51
70 0
89 0
94 0
89 61
92 61
89 0
92 0
84 65
87 65
77 0
70 50
87 0
84 0
77 50
70 0
77 0
73 50
73 0
80 52
85 62
80 0
73 50
85 0
87 61
87 0
85 60
89 60
89 0
85 0
73 0
80 51
89 66
92 66
80 0
73 51
89 0
92 0
84 66
87 66
73 0
80 50
84 0
87 0
77 61
80 61
80 0
73 50
77 0
80 0
73 0
80 50
80 0
66 51
66 0
73 52
85 61
73 0
66 50
85 0
87 66
87 0
85 62
89 62
85 0
89 0
66 0
73 52
89 61
85 61
73 0
66 52
89 0
85 0
85 63
89 63
66 0
73 50
85 0
89 0
85 65
82 65
73 0
66 52
85 0
82 0
66 0
73 50
73 0
68 50
75 50
68 0
84 61
75 0
68 52
84 0
85 62
85 0
84 60
87 60
84 0
87 0
75 52
68 0
82 60
85 60
75 0
68 52
82 0
85 0
87 62
84 62
75 50
68 0
87 0
84 0
89 65
92 65
75 0
68 52
89 0
92 0
75 52
68 0
75 0
70 51
77 50
70 0
85 63
77 0
70 51
85 0
87 66
87 0
85 62
89 62
85 0
89 0
77 52
70 0
89 62
92 62
77 0
70 50
89 0
92 0
94 61
89 61
77 51
70 0
94 0
89 0
89 62
92 62
92 0
89 0
84 62
87 62
77 0
70 50
87 0
84 0
77 50
70 0
77 0
85 66
85 0
87 67
87 0
85 60
89 60
85 0
89 0
78 60
80 60
78 0
80 0
80 60
82 60
80 0
82 0
82 66
85 66
82 0
85 0
30 53
42 53
30 0
42 0
85 66
30 52
42 52
85 0
87 61
87 0
85 61
89 61
89 0
85 0
30 0
42 0
30 51
42 51
85 58
89 58
85 0
89 0
30 0
42 0
89 60
85 60
30 52
42 52
89 0
85 0
85 63
82 63
30 0
42 0
30 53
42 53
85 0
82 0
30 0
42 0
30 53
42 53
30 0
42 0
32 53
44 53
32 0
44 0
84 61
32 52
44 52
84 0
85 62
85 0
84 60
87 60
84 0
87 0
32 0
44 0
32 52
44 52
85 61
82 61
85 0
82 0
32 0
44 0
84 63
87 63
32 52
44 52
84 0
87 0
89 66
92 66
32 0
44 0
32 52
44 52
89 0
92 0
32 0
44 0
32 53
44 53
32 0
44 0
34 53
46 53
34 0
46 0
85 65
34 52
46 52
85 0
87 62
87 0
85 61
89 61
89 0
85 0
34 0
46 0
34 51
46 51
92 66
89 66
92 0
89 0
34 0
46 0
89 61
94 61
34 50
46 50
89 0
94 0
89 61
92 61
89 0
92 0
84 65
87 65
34 0
46 0
34 52
46 52
87 0
84 0
34 0
46 0
34 52
46 52
34 0
46 0
32 51
44 51
32 0
44 0
85 62
32 52
44 52
85 0
87 61
87 0
85 60
89 60
89 0
85 0
32 0
44 0
32 52
44 52
89 66
92 66
89 0
92 0
32 0
44 0
84 66
87 66
32 51
44 51
84 0
87 0
77 61
80 61
32 0
44 0
32 52
44 52
77 0
80 0
32 0
44 0
32 52
44 52
32 0
44 0
30 52
42 52
30 0
42 0
85 61
30 52
42 52
85 0
87 66
87 0
85 62
89 62
85 0
89 0
30 0
42 0
30 51
42 51
89 61
85 61
89 0
85 0
30 0
42 0
85 63
89 63
30 51
42 51
85 0
89 0
85 65
82 65
30 0
42 0
30 50
42 50
85 0
82 0
30 0
42 0
30 51
42 51
30 0
42 0
32 53
44 53
32 0
44 0
84 61
32 52
44 52
84 0
85 62
85 0
84 60
87 60
84 0
87 0
32 0
44 0
32 52
44 52
82 60
85 60
82 0
85 0
32 0
44 0
87 62
84 62
32 52
44 52
87 0
84 0
89 65
92 65
32 0
44 0
32 51
44 51
89 0
92 0
32 0
44 0
32 53
44 53
32 0
44 0
34 51
46 51
34 0
46 0
85 63
34 53
46 53
85 0
87 66
87 0
85 62
89 62
85 0
89 0
34 0
46 0
34 52
46 52
89 62
92 62
89 0
92 0
34 0
46 0
94 61
89 61
34 51
46 51
94 0
89 0
89 62
92 62
92 0
89 0
84 62
87 62
34 0
46 0
34 50
46 50
87 0
84 0
34 0
46 0
34 52
46 52
34 0
46 0
32 53
44 53
32 0
44 0
85 66
32 52
44 52
85 0
87 67
87 0
85 60
89 60
85 0
89 0
32 0
44 0
32 53
44 53
78 60
80 60
78 0
80 0
32 0
44 0
80 60
82 60
32 51
44 51
80 0
82 0
82 66
85 66
32 0
44 0
32 53
44 53
82 0
85 0
32 0
44 0
32 51
44 51
44 0
32 0
77 55
77 0
73 53
73 0
68 55
68 0
75 56
75 0
77 53
77 0
80 56
80 0
77 56
77 0
73 55
73 0
68 52
68 0
75 53
75 0
72 53
72 0
73 55
73 0
77 53
77 0
73 55
73 0
68 55
68 0
75 55
75 0
77 53
77 0
80 53
80 0
77 55
77 0
73 52
73 0
75 55
75 0
72 53
72 0
73 55
73 0
68 55
68 0
77 56
77 0
73 53
73 0
68 53
68 0
75 55
75 0
77 55
77 0
80 56
80 0
77 53
77 0
73 53
73 0
75 53
75 0
73 55
73 0
80 56
80 0
75 53
75 0
73 55
73 0
80 55
80 0
75 56
75 0
73 53
73 0
80 56
80 0
75 53
75 0
73 56
73 0
80 52
80 0
75 53
75 0
73 56
73 0
80 53
80 0
75 56
75 0
73 55
73 0
80 53
80 0
30 40
30 0
30 40
30 0
89 67
30 42
89 0
92 65
30 0
30 40
92 0
87 65
30 0
87 0
89 66
30 38
89 0
87 66
30 0
30 43
30 0
32 37
87 0
32 0
32 41
32 0
89 66
32 38
89 0
92 66
32 0
32 40
92 0
87 66
32 0
87 0
89 66
32 40
89 0
87 67
32 0
32 42
32 0
34 43
87 0
34 0
34 38
34 0
89 65
34 41
89 0
92 66
34 0
34 42
92 0
87 66
34 0
87 0
80 67
34 41
80 0
82 66
82 0
85 66
85 0
87 66
87 0
89 65
34 0
34 38
89 0
92 66
34 0
32 42
92 0
87 65
32 0
32 42
87 0
80 65
80 0
82 66
32 0
32 38
82 0
85 66
32 0
32 42
85 0
87 65
32 0
87 0
85 65
32 42
85 0
89 66
32 0
32 38
89 0
92 66
32 0
30 43
92 0
87 66
30 0
30 41
87 0
89 65
89 0
87 65
30 0
89 67
30 42
89 0
92 65
30 0
30 38
87 0
92 0
87 67
30 0
87 0
89 66
30 42
89 0
87 66
89 66
30 0
30 41
89 0
92 65
30 0
32 38
87 0
92 0
87 66
32 0
32 38
87 0
89 66
89 0
87 66
32 0
89 66
32 38
89 0
92 66
32 0
32 38
87 0
92 0
87 66
32 0
87 0
89 66
32 42
89 0
87 66
89 66
32 0
32 40
89 0
92 66
32 0
34 42
87 0
92 0
87 66
34 0
34 40
87 0
80 66
80 0
82 66
82 0
85 67
34 0
85 0
87 66
87 0
89 66
34 43
89 0
92 66
34 0
34 40
92 0
87 65
34 0
87 0
80 66
34 41
80 0
82 66
82 0
85 66
85 0
87 66
87 0
89 67
34 0
34 37
89 0
92 66
34 0
32 40
92 0
89 65
32 0
32 37
89 0
92 66
32 0
92 0
89 67
32 41
89 0
92 66
32 0
92 0
89 66
89 0
92 67
92 0
85 66
85 0
87 61
87 0
85 61
89 61
89 0
85 0
85 58
89 58
85 0
89 0
89 60
85 60
89 0
85 0
85 63
82 63
85 0
82 0
84 61
84 0
85 62
85 0
84 60
87 60
84 0
87 0
85 61
82 61
85 0
82 0
84 63
87 63
84 0
87 0
89 66
92 66
89 0
92 0
85 65
85 0
87 62
87 0
85 61
89 61
89 0
85 0
92 66
89 66
92 0
89 0
89 61
94 61
89 0
94 0
89 61
92 61
89 0
92 0
84 65
87 65
87 0
84 0
85 62
85 0
87 61
87 0
85 60
89 60
89 0
85 0
89 66
92 66
89 0
92 0
84 66
87 66
84 0
87 0
77 61
80 61
77 0
80 0
85 61
85 0
87 66
87 0
85 62
89 62
85 0
89 0
89 61
85 61
89 0
85 0
85 63
89 63
85 0
89 0
85 65
82 65
85 0
82 0
84 61
84 0
85 62
85 0
84 60
87 60
84 0
87 0
82 60
85 60
82 0
85 0
87 62
84 62
87 0
84 0
89 65
92 65
89 0
92 0
85 63
85 0
87 66
87 0
85 62
89 62
85 0
89 0
89 62
92 62
89 0
92 0
94 61
89 61
94 0
89 0
89 62
92 62
92 0
89 0
84 62
87 62
87 0
84 0
85 66
85 0
87 67
87 0
85 60
89 60
85 0
89 0
78 60
80 60
78 0
80 0
80 60
82 60
80 0
82 0
82 66
85 66
82 0
85 0
58 47
58 0
65 46
53 46
53 0
65 0
63 47
49 46
30 56
49 0
63 0
65 42
85 66
53 46
30 0
85 0
87 61
87 0
85 61
89 61
53 0
65 0
85 0
89 0
61 42
49 46
30 57
49 0
53 46
61 0
68 45
85 58
89 58
53 0
30 0
85 0
89 0
49 46
68 0
63 42
85 60
89 60
49 0
53 45
30 56
89 0
85 0
53 0
63 0
70 43
82 63
85 63
53 46
30 0
85 0
82 0
53 0
70 0
65 43
49 46
30 56
49 0
65 0
73 43
51 46
30 0
51 0
73 0
63 42
48 47
32 61
48 0
63 0
70 45
84 61
51 46
32 0
84 0
85 62
85 0
84 60
87 60
51 0
70 0
84 0
87 0
61 42
48 46
32 56
48 0
51 46
61 0
68 45
82 61
85 61
51 0
32 0
85 0
82 0
48 46
68 0
60 45
84 63
87 63
48 0
49 46
32 61
84 0
87 0
49 0
60 0
65 47
89 66
92 66
51 46
32 0
89 0
92 0
51 0
65 0
58 42
56 45
32 58
56 0
58 0
65 47
53 45
32 0
53 0
65 0
63 47
49 47
34 60
49 0
63 0
65 42
85 65
53 46
34 0
85 0
87 62
87 0
85 61
89 61
53 0
65 0
85 0
89 0
61 47
49 46
34 57
49 0
53 46
61 0
68 42
89 66
92 66
53 0
34 0
92 0
89 0
49 46
68 0
63 42
89 61
94 61
49 0
56 46
34 56
89 0
94 0
89 61
92 61
63 0
89 0
92 0
70 47
84 65
87 65
56 0
58 46
34 0
87 0
84 0
58 0
56 46
70 0
65 42
56 0
51 45
34 57
51 0
65 0
73 43
53 46
34 0
53 0
73 0
63 43
49 46
32 58
49 0
63 0
70 47
85 62
53 45
32 0
85 0
87 61
87 0
85 60
89 60
53 0
70 0
85 0
89 0
61 43
49 45
32 57
49 0
53 46
61 0
68 47
89 66
92 66
53 0
32 0
89 0
92 0
49 45
68 0
60 45
84 66
87 66
49 0
44 46
32 58
84 0
87 0
44 0
60 0
65 46
77 61
80 61
46 46
32 0
77 0
80 0
46 0
65 0
58 43
49 46
32 60
49 0
58 0
65 47
53 46
32 0
53 0
65 0
63 43
49 45
30 56
49 0
63 0
65 47
85 61
53 46
30 0
85 0
87 66
87 0
85 62
89 62
53 0
65 0
85 0
89 0
61 47
49 46
30 57
49 0
53 46
61 0
68 42
85 61
89 61
53 0
30 0
89 0
85 0
49 45
68 0
63 42
85 63
89 63
49 0
53 45
30 56
85 0
89 0
53 0
63 0
70 42
82 65
85 65
53 46
30 0
85 0
82 0
53 0
70 0
65 42
49 46
30 56
49 0
65 0
73 42
51 46
30 0
51 0
73 0
63 47
48 46
32 61
48 0
63 0
70 47
84 61
51 45
32 0
84 0
85 62
85 0
84 60
87 60
51 0
70 0
84 0
87 0
61 47
48 46
32 56
48 0
51 46
61 0
68 47
82 60
85 60
51 0
32 0
82 0
85 0
48 45
68 0
60 47
84 62
87 62
48 0
49 46
32 61
87 0
84 0
49 0
60 0
65 42
89 65
92 65
51 47
32 0
89 0
92 0
51 0
65 0
58 42
56 46
32 58
56 0
58 0
65 43
53 46
32 0
53 0
65 0
63 47
49 45
34 60
49 0
63 0
65 42
85 63
53 46
34 0
85 0
87 66
87 0
85 62
89 62
53 0
65 0
85 0
89 0
61 47
49 47
34 57
49 0
53 46
61 0
68 47
89 62
92 62
53 0
34 0
89 0
92 0
49 46
68 0
63 45
89 61
94 61
49 0
56 46
34 56
94 0
89 0
89 62
92 62
63 0
89 0
92 0
70 47
84 62
87 62
56 0
58 47
34 0
87 0
84 0
58 0
56 46
70 0
65 42
56 0
51 46
34 57
51 0
65 0
73 45
53 46
34 0
53 0
73 0
63 43
49 46
32 58
49 0
63 0
70 46
85 66
53 46
32 0
85 0
87 67
87 0
85 60
89 60
53 0
70 0
85 0
89 0
61 46
49 46
32 57
49 0
53 47
61 0
68 43
78 60
80 60
53 0
32 0
78 0
80 0
49 46
68 0
60 43
80 60
82 60
49 0
44 45
32 58
80 0
82 0
44 0
60 0
65 42
82 66
85 66
46 46
32 0
82 0
85 0
46 0
65 0
58 47
65 81
46 47
65 0
58 0
61 82
65 46
46 0
53 46
61 0
65 0
56 82
63 47
53 0
51 47
56 0
63 0
63 83
65 42
51 0
53 42
73 66
73 0
75 61
75 0
73 61
77 61
65 0
61 42
53 0
73 0
77 0
49 42
63 0
61 0
65 78
68 45
49 0
56 45
73 58
77 58
73 0
77 0
65 0
68 0
63 42
68 78
56 0
51 42
73 60
77 60
77 0
73 0
68 0
63 0
65 81
70 43
51 0
58 43
70 63
73 63
73 0
70 0
70 0
65 43
58 0
53 43
65 0
65 0
61 82
73 43
53 0
61 43
61 0
73 0
56 81
63 42
61 0
51 42
56 0
63 0
63 82
70 45
51 0
58 45
72 61
72 0
73 62
73 0
72 60
75 60
70 0
61 42
58 0
72 0
75 0
49 42
61 0
68 45
49 0
56 45
70 61
73 61
73 0
70 0
63 0
68 0
60 80
56 0
48 45
72 63
75 63
72 0
75 0
60 0
61 78
65 47
48 0
53 47
77 66
80 66
77 0
80 0
61 0
65 0
58 42
65 78
53 0
46 42
65 0
58 0
61 78
65 47
46 0
53 47
61 0
65 0
56 80
63 47
53 0
51 47
56 0
63 0
63 80
65 42
51 0
53 42
73 65
73 0
75 62
75 0
73 61
77 61
65 0
61 47
53 0
73 0
77 0
49 47
63 0
61 0
65 78
68 42
49 0
56 42
77 66
80 66
80 0
77 0
65 0
68 0
63 42
68 78
56 0
51 42
77 61
82 61
77 0
82 0
77 61
80 61
68 0
63 0
65 83
70 47
51 0
77 0
80 0
58 47
72 65
75 65
75 0
72 0
70 0
65 42
58 0
53 42
65 0
65 0
61 78
73 43
53 0
61 43
61 0
73 0
63 80
61 0
51 43
63 0
60 82
70 47
51 0
58 47
73 62
73 0
75 61
75 0
73 60
77 60
70 0
61 43
58 0
73 0
77 0
49 43
60 0
61 0
61 80
68 47
49 0
56 47
77 66
80 66
77 0
80 0
61 0
68 0
56 82
60 45
56 0
48 45
72 66
75 66
72 0
75 0
60 0
65 46
48 0
53 46
65 61
68 61
65 0
68 0
56 0
65 0
58 43
65 82
53 0
46 43
65 0
58 0
61 82
65 47
46 0
53 47
61 0
65 0
56 81
63 43
53 0
51 43
56 0
63 0
63 83
65 47
51 0
53 47
73 61
73 0
75 66
75 0
73 62
77 62
65 0
61 47
53 0
73 0
77 0
49 47
63 0
61 0
65 81
68 42
49 0
56 42
73 61
77 61
77 0
73 0
65 0
68 0
63 42
68 82
56 0
51 42
73 63
77 63
73 0
77 0
68 0
63 0
65 82
70 42
51 0
58 42
70 65
73 65
73 0
70 0
70 0
65 42
58 0
53 42
65 0
65 0
61 82
73 42
53 0
61 42
61 0
73 0
63 78
61 0
51 47
70 47
51 0
58 47
72 61
72 0
73 62
73 0
72 60
75 60
70 0
61 47
58 0
72 0
75 0
49 47
63 0
61 0
61 82
68 47
49 0
56 47
70 60
73 60
70 0
73 0
61 0
68 0
60 47
68 82
56 0
48 47
72 62
75 62
75 0
72 0
68 0
60 0
63 82
65 42
48 0
53 42
77 65
80 65
77 0
80 0
65 0
58 42
53 0
46 42
63 0
58 0
61 81
65 43
46 0
53 43
61 0
65 0
63 47
68 82
53 0
51 47
68 0
63 0
63 83
65 42
51 0
53 42
73 63
73 0
75 66
75 0
73 62
77 62
65 0
61 47
53 0
73 0
77 0
49 47
63 0
61 0
61 80
68 47
49 0
56 47
77 62
80 62
77 0
80 0
61 0
68 0
63 45
68 81
56 0
51 45
77 61
82 61
82 0
77 0
77 62
80 62
68 0
63 0
63 82
70 47
51 0
77 0
80 0
58 47
72 62
75 62
75 0
72 0
63 0
70 0
61 78
65 42
58 0
53 42
61 0
65 0
68 82
73 45
53 0
61 45
68 0
73 0
63 82
61 0
51 43
63 0
61 82
70 46
51 0
58 46
73 66
73 0
75 67
75 0
73 60
77 60
61 0
70 0
61 46
68 78
58 0
73 0
77 0
49 46
68 0
61 0
63 82
68 43
49 0
56 43
66 60
68 60
66 0
68 0
63 0
68 0
60 43
61 82
56 0
48 43
68 60
70 60
68 0
70 0
61 0
60 0
65 42
68 80
48 0
53 42
70 66
73 66
70 0
73 0
53 0
68 0
65 0
68 50
68 0
70 52
70 0
73 53
73 0
75 53
75 0
77 53
77 0
80 55
80 0
77 56
77 0
73 56
73 0
75 56
75 0
73 58
73 0
80 60
80 0
77 60
77 0
73 60
73 0
80 60
80 0
75 60
75 0
73 60
73 0
80 60
80 0
72 60
72 0
73 60
73 0
72 60
72 0
68 60
65 60
65 0
68 0
68 60
68 0
68 60
68 0
70 60
70 0
73 60
73 0
75 61
75 0
77 63
77 0
80 64
80 0
77 64
77 0
73 66
73 0
75 66
75 0
73 67
73 0
80 67
80 0
77 67
77 0
73 67
73 0
80 67
80 0
75 67
75 0
73 67
73 0
80 67
80 0
72 67
72 0
68 67
68 0
70 67
70 0
73 67
73 0
80 67
80 0
75 67
75 0
73 67
77 67
73 0
77 0
77 67
80 67
77 0
80 0
68 67
68 0
72 67
75 67
72 0
75 0
77 67
77 0
77 67
80 67
77 0
80 0
77 67
77 0
73 67
73 0
68 67
68 0
72 67
75 67
72 0
75 0
72 67
72 0
73 67
73 0
73 67
77 67
73 0
77 0
77 67
80 67
77 0
80 0
68 67
68 0
72 67
75 67
72 0
75 0
77 67
77 0
77 67
80 67
77 0
80 0
77 67
77 0
73 67
73 0
72 67
75 67
72 0
75 0
68 67
72 67
68 0
72 0
73 67
73 0
68 67
68 0
73 67
77 67
73 0
77 0
77 67
80 67
77 0
80 0
68 67
68 0
72 67
75 67
72 0
75 0
77 67
77 0
77 67
80 67
77 0
80 0
77 67
77 0
77 67
80 67
77 0
80 0
72 67
75 67
72 0
75 0
73 67
73 0
80 67
80 0
75 67
75 0
73 67
73 0
80 67
80 0
75 67
75 0
73 67
73 0
80 67
80 0
75 67
75 0
73 67
73 0
80 67
80 0
75 67
75 0
73 67
73 0
80 67
80 0
75 67
75 0
73 67
73 0
80 67
80 0
77 77
77 0
80 77
80 0
75 77
75 0
77 77
77 0
75 77
75 0
73 77
73 0
75 77
75 0
77 77
77 0
80 77
80 0
75 77
75 0
77 77
77 0
75 77
75 0
73 77
73 0
75 77
75 0
73 77
73 0
77 77
77 0
80 77
80 0
75 77
75 0
77 77
77 0
75 77
75 0
73 77
73 0
75 77
75 0
77 77
77 0
80 77
80 0
75 77
75 0
68 77
68 0
70 77
70 0
73 77
73 0
75 77
75 0
73 77
73 0
77 77
77 0
80 77
80 0
75 77
75 0
77 77
77 0
75 77
75 0
73 77
73 0
75 77
75 0
77 77
77 0
80 77
80 0
75 77
75 0
77 77
77 0
75 77
75 0
73 77
73 0
75 77
75 0
73 77
73 0
77 77
77 0
80 77
80 0
75 77
75 0
77 77
77 0
75 77
75 0
73 77
73 0
75 77
75 0
73 77
73 0
77 77
77 0
80 77
80 0
77 86
77 0
80 77
80 0
77 86
77 0
80 77
80 0
77 86
77 0
80 77
80 0
77 77
89 77
77 0
89 0
80 77
92 77
80 0
92 0
75 77
87 77
75 0
87 0
77 77
89 77
77 0
89 0
75 77
87 77
75 0
87 0
73 77
85 77
73 0
85 0
75 77
87 77
75 0
87 0
77 77
89 77
77 0
89 0
80 77
92 77
80 0
92 0
75 77
87 77
75 0
87 0
77 77
89 77
77 0
89 0
75 77
87 77
75 0
87 0
73 77
85 77
73 0
85 0
75 77
87 77
75 0
87 0
73 77
82 77
85 77
73 0
82 0
80 77
85 0
80 0
77 77
89 77
77 0
89 0
80 77
92 77
80 0
77 77
92 0
77 0
75 77
87 77
75 0
87 0
77 77
89 77
77 0
89 0
75 77
87 77
75 0
73 77
73 0
75 77
75 0
73 77
87 0
73 0
70 77
70 0
73 77
73 0
70 77
70 0
68 77
77 77
68 0
77 0
73 77
80 77
73 0
80 0
70 77
75 77
70 0
75 0
68 77
80 77
68 0
80 0
70 77
82 77
77 77
70 0
77 0
82 0
73 77
85 77
73 0
85 0
75 77
87 77
75 0
87 0
73 77
85 77
73 0
85 0
77 77
89 77
77 0
89 0
80 77
92 77
80 0
92 0
75 77
87 77
75 0
87 0
77 77
89 77
77 0
89 0
75 77
87 77
75 0
87 0
73 77
85 77
73 0
85 0
75 77
87 77
75 0
87 0
77 77
89 77
77 0
89 0
80 77
92 77
80 0
92 0
75 77
87 77
75 0
87 0
77 77
89 77
77 0
89 0
75 77
87 77
75 0
87 0
73 77
85 77
73 0
85 0
75 77
87 77
75 0
87 0
73 77
82 77
85 77
73 0
82 0
85 0
80 77
80 0
77 77
89 77
77 0
89 0
80 77
92 77
80 0
77 77
92 0
77 0
75 77
87 77
75 0
87 0
77 77
89 77
77 0
89 0
75 77
87 77
75 0
73 77
73 0
87 0
75 77
75 0
73 77
73 0
70 77
70 0
73 77
85 77
73 0
70 77
85 0
70 0
77 77
89 77
77 0
89 0
80 77
92 77
80 0
92 0
77 77
89 77
77 0
89 0
80 77
92 77
80 0
92 0
77 86
89 86
77 0
89 0
80 77
92 77
80 0
92 0
77 86
89 86
77 0
89 0
80 77
92 77
80 0
92 0
77 86
77 0
77 86
77 0
77 86
77 0
77 86
77 0
77 86
77 0
73 86
73 0
75 86
75 0
75 86
75 0
75 86
75 0
73 86
73 0
75 86
75 0
80 86
80 0
77 86
77 0
77 86
77 0
77 86
77 0
80 86
80 0
82 86
82 0
80 86
80 0
75 86
75 0
77 86
77 0
77 86
77 0
77 86
77 0
80 86
80 0
75 86
75 0
68 86
68 0
77 86
77 0
77 86
77 0
77 86
77 0
77 86
77 0
77 86
77 0
73 86
73 0
75 86
75 0
75 86
75 0
75 86
75 0
73 86
73 0
75 86
75 0
80 86
80 0
77 86
77 0
77 86
77 0
77 86
77 0
80 86
80 0
82 86
82 0
80 86
80 0
75 86
75 0
77 86
77 0
77 86
77 0
77 86
77 0
68 86
68 0
70 86
70 0
73 86
73 0
65 86
77 86
65 0
77 0
65 86
77 86
65 0
77 0
65 86
77 86
65 0
77 0
65 86
77 86
65 0
77 0
65 86
77 86
65 0
77 0
61 86
73 86
61 0
73 0
63 86
75 86
63 0
75 0
63 86
75 86
63 0
75 0
63 86
75 86
63 0
75 0
61 86
73 86
61 0
73 0
63 86
75 86
63 0
75 0
68 86
80 86
68 0
80 0
65 86
77 86
65 0
77 0
65 86
77 86
65 0
77 0
65 86
77 86
65 0
77 0
68 86
80 86
68 0
80 0
82 86
82 0
80 86
80 0
75 86
75 0
65 86
77 86
65 0
77 0
65 86
77 86
65 0
77 0
65 86
77 86
65 0
77 0
68 86
80 86
68 0
80 0
63 86
75 86
63 0
75 0
56 86
56 0
68 86
68 0
65 86
77 86
65 0
77 0
65 86
77 86
65 0
77 0
65 86
77 86
65 0
77 0
65 86
77 86
65 0
77 0
65 86
77 86
65 0
77 0
61 86
73 86
61 0
73 0
63 86
75 86
63 0
75 0
63 86
75 86
63 0
75 0
63 86
75 86
63 0
75 0
61 86
73 86
61 0
73 0
63 86
75 86
63 0
75 0
68 86
80 86
68 0
80 0
65 86
77 86
65 0
77 0
65 86
77 86
65 0
77 0
65 86
77 86
65 0
77 0
68 86
80 86
68 0
80 0
82 86
82 0
80 86
80 0
75 86
75 0
65 86
77 86
65 0
77 0
65 86
77 86
65 0
77 0
65 86
77 86
65 0
77 0
56 86
68 86
56 0
68 0
61 86
73 86
61 0
73 0
63 86
75 86
63 0
75 0
68 67
68 0
70 67
70 0
73 67
73 0
75 67
75 0
77 67
77 0
80 67
80 0
77 67
77 0
73 67
73 0
75 67
75 0
73 67
73 0
80 67
80 0
77 67
77 0
73 67
73 0
80 67
80 0
75 67
75 0
73 67
73 0
80 67
80 0
72 67
72 0
73 67
73 0
72 67
72 0
68 67
68 0
65 67
65 0
68 67
68 0
68 67
68 0
70 67
70 0
73 67
73 0
75 67
75 0
77 67
77 0
80 67
80 0
77 67
77 0
73 67
73 0
75 67
75 0
73 67
73 0
80 67
80 0
77 67
77 0
73 67
73 0
80 67
80 0
75 67
75 0
73 67
73 0
80 67
80 0
72 67
72 0
68 67
68 0
70 67
70 0
73 67
73 0
80 67
80 0
75 67
75 0
73 67
77 67
73 0
77 0
77 67
80 67
77 0
80 0
68 67
68 0
72 67
75 67
72 0
75 0
77 67
77 0
77 67
80 67
77 0
80 0
77 67
77 0
73 67
73 0
68 67
68 0
72 67
75 67
72 0
75 0
72 67
72 0
73 67
73 0
73 67
77 67
73 0
77 0
77 67
80 67
77 0
80 0
68 67
68 0
72 67
75 67
72 0
75 0
77 67
77 0
77 67
80 67
77 0
80 0
77 67
77 0
73 67
73 0
72 67
75 67
72 0
75 0
68 67
72 67
68 0
72 0
73 67
73 0
68 67
68 0
73 67
77 67
73 0
77 0
77 67
80 67
77 0
80 0
68 67
68 0
72 67
75 67
72 0
75 0
77 67
77 0
77 67
80 67
77 0
80 0
77 67
77 0
77 67
80 67
77 0
80 0
72 67
75 67
72 0
75 0
73 67
73 0
80 67
80 0
75 67
75 0
73 67
73 0
80 67
80 0
75 67
75 0
73 67
73 0
80 67
80 0
75 67
75 0
73 67
73 0
80 67
80 0
75 67
75 0
73 67
73 0
80 67
80 0
75 67
75 0
73 67
73 0
80 67
80 0
77 77
77 0
80 77
80 0
75 77
75 0
77 77
77 0
75 77
75 0
73 77
73 0
75 77
75 0
77 77
77 0
80 77
80 0
75 77
75 0
77 77
77 0
75 77
75 0
73 77
73 0
75 77
75 0
73 77
73 0
77 77
77 0
80 77
80 0
75 77
75 0
77 77
77 0
75 77
75 0
73 77
73 0
75 77
75 0
77 77
77 0
80 77
80 0
75 77
75 0
68 77
68 0
70 77
70 0
73 77
73 0
75 77
75 0
73 77
73 0
77 77
77 0
80 77
80 0
75 77
75 0
77 77
77 0
75 77
75 0
73 77
73 0
75 77
75 0
77 77
77 0
80 77
80 0
75 77
75 0
77 77
77 0
75 77
75 0
73 77
73 0
75 77
75 0
73 77
73 0
77 77
77 0
80 77
80 0
75 77
75 0
77 77
77 0
75 77
75 0
73 77
73 0
75 77
75 0
73 77
73 0
77 77
77 0
80 77
80 0
77 86
77 0
80 77
80 0
77 86
77 0
80 77
80 0
77 86
77 0
80 77
80 0
77 77
89 77
77 0
89 0
80 77
92 77
80 0
92 0
75 77
87 77
75 0
87 0
77 77
89 77
77 0
89 0
75 77
87 77
75 0
87 0
73 77
85 77
73 0
85 0
75 77
87 77
75 0
87 0
77 77
89 77
77 0
89 0
80 77
92 77
80 0
92 0
75 77
87 77
75 0
87 0
77 77
89 77
77 0
89 0
75 77
87 77
75 0
87 0
73 77
85 77
73 0
85 0
75 77
87 77
75 0
87 0
73 77
82 77
85 77
73 0
82 0
80 77
85 0
80 0
77 77
89 77
77 0
89 0
80 77
92 77
80 0
77 77
92 0
77 0
75 77
87 77
75 0
87 0
77 77
89 77
77 0
89 0
75 77
87 77
75 0
73 77
73 0
75 77
75 0
73 77
87 0
73 0
70 77
70 0
73 77
73 0
70 77
70 0
68 77
77 77
68 0
77 0
73 77
80 77
73 0
80 0
70 77
75 77
70 0
75 0
68 77
80 77
68 0
80 0
70 77
82 77
77 77
70 0
77 0
82 0
73 77
85 77
73 0
85 0
75 77
87 77
75 0
87 0
73 77
85 77
73 0
85 0
77 77
89 77
77 0
89 0
80 77
92 77
80 0
92 0
75 77
87 77
75 0
87 0
77 77
89 77
77 0
89 0
75 77
87 77
75 0
87 0
73 77
85 77
73 0
85 0
75 77
87 77
75 0
87 0
77 77
89 77
77 0
89 0
80 77
92 77
80 0
92 0
75 77
87 77
75 0
87 0
77 77
89 77
77 0
89 0
75 77
87 77
75 0
87 0
73 77
85 77
73 0
85 0
75 77
87 77
75 0
87 0
73 77
82 77
85 77
73 0
82 0
85 0
80 77
80 0
77 77
89 77
77 0
89 0
80 77
92 77
80 0
77 77
92 0
77 0
75 77
87 77
75 0
87 0
77 77
89 77
77 0
89 0
75 77
87 77
75 0
73 77
73 0
87 0
75 77
75 0
73 77
73 0
70 77
70 0
73 77
85 77
73 0
70 77
85 0
70 0
77 77
89 77
77 0
89 0
80 79
92 79
80 0
92 0
77 80
89 80
77 0
89 0
80 80
92 80
80 0
92 0
77 91
89 91
77 0
89 0
80 83
92 83
80 0
92 0
77 91
89 91
77 0
89 0
80 86
92 86
80 0
92 0
70 86
77 86
70 0
77 0
70 86
77 86
70 0
77 0
70 86
77 86
70 0
77 0
70 86
77 86
70 0
77 0
70 86
77 86
70 0
77 0
66 86
73 86
66 0
73 0
68 86
75 86
68 0
75 0
68 86
75 86
68 0
75 0
68 86
75 86
68 0
75 0
68 86
73 86
68 0
73 0
68 86
75 86
68 0
75 0
73 86
80 86
73 0
80 0
73 86
77 86
73 0
77 0
73 86
77 86
73 0
77 0
73 86
77 86
73 0
77 0
73 86
80 86
73 0
80 0
82 86
82 0
80 86
80 0
70 86
75 86
70 0
75 0
68 86
77 86
68 0
77 0
68 86
77 86
68 0
77 0
68 86
77 86
68 0
77 0
73 86
80 86
73 0
80 0
68 86
75 86
68 0
75 0
63 86
68 86
63 0
68 0
70 86
77 86
70 0
77 0
70 86
77 86
70 0
77 0
70 86
77 86
70 0
77 0
70 86
77 86
70 0
77 0
70 86
77 86
70 0
77 0
66 86
73 86
66 0
73 0
68 86
75 86
68 0
75 0
68 86
75 86
68 0
75 0
68 86
75 86
68 0
75 0
68 86
73 86
68 0
73 0
68 86
75 86
68 0
75 0
73 86
80 86
73 0
80 0
73 86
77 86
73 0
77 0
73 86
77 86
73 0
77 0
73 86
77 86
73 0
77 0
73 86
80 86
73 0
80 0
82 86
82 0
80 86
80 0
70 86
75 86
70 0
75 0
68 86
77 86
68 0
77 0
68 86
77 86
68 0
77 0
68 86
77 86
68 0
77 0
61 86
68 86
61 0
68 0
63 86
70 86
63 0
70 0
68 86
73 86
68 0
73 0
65 86
77 86
65 0
77 0
65 86
77 86
65 0
77 0
65 86
77 86
65 0
77 0
65 86
77 86
65 0
77 0
65 86
77 86
65 0
77 0
61 86
73 86
61 0
73 0
63 86
75 86
63 0
75 0
63 86
75 86
63 0
75 0
63 86
75 86
63 0
75 0
61 86
73 86
61 0
73 0
63 86
75 86
63 0
75 0
68 86
80 86
68 0
80 0
65 86
77 86
65 0
77 0
65 86
77 86
65 0
77 0
65 86
77 86
65 0
77 0
68 86
80 86
68 0
80 0
82 86
82 0
80 86
80 0
75 86
75 0
65 86
77 86
65 0
77 0
65 86
77 86
65 0
77 0
65 86
77 86
65 0
77 0
68 86
80 86
68 0
80 0
63 86
75 86
63 0
75 0
56 86
56 0
68 86
68 0
65 86
77 86
65 0
77 0
65 86
77 86
65 0
77 0
65 86
77 86
65 0
77 0
65 86
77 86
65 0
77 0
65 86
77 86
65 0
77 0
61 86
73 86
61 0
73 0
63 86
75 86
63 0
75 0
63 86
75 86
63 0
75 0
63 86
75 86
63 0
75 0
61 86
73 86
61 0
73 0
63 86
75 86
63 0
75 0
68 86
80 86
68 0
80 0
65 86
77 86
65 0
77 0
65 86
77 86
65 0
77 0
65 86
77 86
65 0
77 0
68 86
80 86
68 0
80 0
82 86
82 0
80 86
80 0
75 86
75 0
65 86
77 86
65 0
77 0
65 86
77 86
65 0
77 0
65 86
77 86
65 0
77 0
56 86
68 86
56 0
68 0
61 86
73 86
61 0
73 0
63 86
75 86
63 0
75 0
65 86
70 86
77 86
65 0
70 0
77 0
65 86
70 86
77 86
65 0
70 0
77 0
65 86
70 86
77 86
65 0
70 0
77 0
65 86
70 86
77 86
65 0
70 0
77 0
65 86
70 86
77 86
65 0
70 0
77 0
61 86
65 86
73 86
61 0
65 0
73 0
63 86
68 86
75 86
63 0
68 0
75 0
63 86
68 86
75 86
63 0
68 0
75 0
63 86
68 86
75 86
63 0
68 0
75 0
61 86
68 86
73 86
61 0
68 0
73 0
63 86
68 86
75 86
63 0
68 0
75 0
68 86
73 86
80 86
68 0
73 0
80 0
65 86
73 86
77 86
65 0
73 0
77 0
65 86
73 86
77 86
65 0
73 0
77 0
65 86
73 86
77 86
65 0
73 0
77 0
68 86
73 86
80 86
68 0
73 0
80 0
73 86
82 86
73 0
82 0
80 86
80 0
68 86
75 86
68 0
75 0
65 86
68 86
77 86
65 0
68 0
77 0
65 86
68 86
77 86
65 0
68 0
77 0
65 86
68 86
77 86
65 0
68 0
77 0
68 86
73 86
80 86
68 0
73 0
80 0
63 86
68 86
75 86
63 0
68 0
75 0
56 86
56 0
68 86
68 0
65 86
70 86
77 86
65 0
70 0
77 0
65 86
70 86
77 86
65 0
70 0
77 0
65 86
70 86
77 86
65 0
70 0
77 0
65 86
70 86
77 86
65 0
70 0
77 0
65 86
70 86
77 86
65 0
70 0
77 0
61 86
65 86
73 86
61 0
65 0
73 0
63 86
68 86
75 86
63 0
68 0
75 0
63 86
68 86
75 86
63 0
68 0
75 0
63 86
68 86
75 86
63 0
68 0
75 0
61 86
68 86
73 86
61 0
68 0
73 0
63 86
68 86
75 86
63 0
68 0
75 0
68 86
73 86
80 86
68 0
73 0
80 0
65 86
73 86
77 86
65 0
73 0
77 0
65 86
73 86
77 86
65 0
73 0
77 0
65 86
73 86
77 86
65 0
73 0
77 0
68 86
73 86
80 86
68 0
73 0
80 0
73 86
82 86
73 0
82 0
80 86
80 0
68 86
75 86
68 0
75 0
65 86
68 86
77 86
65 0
68 0
77 0
65 86
68 86
77 86
65 0
68 0
77 0
65 86
68 86
77 86
65 0
68 0
77 0
56 86
68 86
56 0
68 0
61 86
73 86
61 0
73 0
63 86
75 86
63 0
75 0
73 67
77 67
73 0
77 0
77 67
80 67
77 0
80 0
68 67
68 0
72 67
75 67
72 0
75 0
77 67
77 0
77 67
80 67
77 0
80 0
77 67
77 0
73 67
73 0
68 67
68 0
72 67
75 67
72 0
75 0
72 67
72 0
73 67
73 0
73 67
77 67
73 0
77 0
77 67
80 67
77 0
80 0
68 67
68 0
72 67
75 67
72 0
75 0
77 67
77 0
77 67
80 67
77 0
80 0
77 67
77 0
73 67
73 0
72 67
75 67
72 0
75 0
68 67
72 67
68 0
72 0
73 67
73 0
68 67
68 0
73 67
77 67
73 0
77 0
77 67
80 67
77 0
80 0
68 67
68 0
72 67
75 67
72 0
75 0
77 67
77 0
77 67
80 67
77 0
80 0
77 67
77 0
77 67
80 67
77 0
80 0
72 67
75 67
72 0
75 0
73 67
73 0
80 67
80 0
75 67
75 0
73 67
73 0
80 67
80 0
75 67
75 0
73 67
73 0
80 67
80 0
75 67
75 0
73 67
73 0
80 67
80 0
75 67
75 0
73 67
73 0
80 67
80 0
75 67
75 0
73 67
73 0
80 67
80 0
54 38
61 38
54 0
61 0
56 41
63 41
56 0
63 0
58 45
65 45
58 0
65 0
61 45
68 45
68 0
61 0
54 45
61 45
54 0
61 0
56 50
63 50
56 0
63 0
58 53
65 53
58 0
65 0
58 53
65 53
58 0
65 0
42 53
49 53
42 0
49 0
42 53
49 53
42 0
49 0
42 53
49 53
42 0
49 0
42 53
49 53
42 0
49 0
44 53
51 53
44 0
51 0
44 53
51 53
44 0
51 0
44 53
51 53
44 0
51 0
44 53
51 53
44 0
51 0
46 53
53 53
46 0
53 0
46 53
53 53
46 0
53 0
46 53
53 53
46 0
53 0
46 53
53 53
46 0
53 0
49 53
56 53
49 0
56 0
49 53
56 53
49 0
56 0
49 53
56 53
49 0
56 0
49 53
56 53
49 0
56 0
42 53
49 53
42 0
49 0
42 53
49 53
42 0
49 0
42 53
49 53
42 0
49 0
42 53
49 53
42 0
49 0
44 53
51 53
44 0
51 0
44 53
51 53
44 0
51 0
44 53
51 53
44 0
51 0
44 53
51 53
44 0
51 0
46 53
53 53
46 0
53 0
46 53
53 53
46 0
53 0
46 53
53 53
46 0
53 0
46 53
53 53
46 0
53 0
46 53
53 53
46 0
53 0
46 53
53 53
46 0
53 0
46 53
53 53
46 0
53 0
46 53
53 53
46 0
53 0
42 58
42 0
49 58
49 0
42 58
42 0
49 58
49 0
42 58
49 58
54 58
49 0
54 0
42 0
42 58
42 0
44 58
44 0
51 58
51 0
44 58
44 0
51 58
51 0
44 58
51 58
56 58
51 0
56 0
44 0
44 58
44 0
46 58
46 0
53 58
53 0
46 58
46 0
53 58
53 0
46 58
53 58
58 58
53 0
58 0
46 0
46 58
46 0
44 58
44 0
51 58
51 0
44 58
44 0
51 58
51 0
44 58
51 58
56 58
51 0
56 0
44 0
44 58
44 0
42 58
42 0
49 58
49 0
42 58
42 0
49 58
49 0
42 58
49 58
54 58
49 0
54 0
42 0
42 58
42 0
44 58
44 0
51 58
51 0
44 58
44 0
51 58
51 0
44 58
51 58
56 58
51 0
56 0
44 0
44 58
44 0
46 58
46 0
53 58
53 0
46 58
46 0
53 58
53 0
46 58
53 58
58 58
53 0
58 0
46 0
46 58
46 0
46 58
46 0
53 58
53 0
46 58
46 0
53 58
53 0
46 58
53 58
58 58
46 0
53 0
58 0
46 58
53 58
58 58
46 0
53 0
58 0
42 58
42 0
49 58
56 60
49 0
42 58
56 0
58 64
42 0
49 58
58 0
61 60
49 0
42 58
61 0
63 61
49 58
54 58
49 0
54 0
42 0
42 58
63 0
65 60
65 0
68 60
42 0
44 58
68 0
65 60
44 0
51 58
65 0
61 61
51 0
44 58
61 0
63 63
44 0
51 58
51 0
44 58
51 58
56 58
63 0
61 60
51 0
56 0
44 0
44 58
61 0
68 58
68 0
65 59
44 0
46 58
46 0
53 58
65 0
61 60
53 0
46 58
61 0
68 60
46 0
53 58
68 0
63 60
53 0
46 58
53 58
58 58
63 0
61 61
53 0
58 0
46 0
46 58
61 0
68 64
68 0
60 62
46 0
44 58
44 0
51 58
60 0
61 58
51 0
44 58
61 0
60 64
44 0
51 58
60 0
56 59
51 0
44 58
51 58
56 58
56 0
53 64
51 0
56 0
44 0
44 58
53 0
56 60
44 0
42 58
56 0
42 0
49 58
56 60
49 0
42 58
56 0
58 60
42 0
49 58
58 0
61 59
49 0
42 58
61 0
63 63
49 58
54 58
49 0
54 0
42 0
42 58
63 0
65 59
65 0
68 63
42 0
44 58
68 0
65 61
44 0
51 58
65 0
61 61
51 0
44 58
61 0
63 62
44 0
51 58
51 0
44 58
51 58
56 58
63 0
61 60
51 0
56 0
44 0
44 58
61 0
68 59
68 0
65 62
44 0
46 58
46 0
53 58
65 0
61 60
53 0
46 58
61 0
68 63
46 0
53 58
68 0
63 59
53 0
46 58
53 58
58 58
63 0
61 61
53 0
58 0
46 0
46 58
61 0
68 62
68 0
60 64
46 0
46 58
46 0
53 58
60 0
56 64
53 0
46 58
56 0
58 63
46 0
53 58
58 0
61 59
53 0
46 58
53 58
58 58
61 0
68 63
46 0
53 0
58 0
46 58
53 58
58 58
68 0
63 61
46 0
53 0
58 0
42 65
63 0
65 66
65 0
68 67
42 0
42 65
49 65
54 65
68 0
63 65
63 0
65 68
42 0
49 0
54 0
42 65
65 0
63 68
42 0
42 65
42 0
42 65
42 0
49 65
54 65
63 0
61 68
61 0
63 70
49 0
54 0
44 65
63 0
65 68
65 0
68 67
44 0
44 65
51 65
56 65
68 0
63 64
63 0
65 68
44 0
51 0
56 0
44 65
65 0
63 68
44 0
44 65
44 0
44 65
63 0
61 71
44 0
51 65
56 65
61 0
63 66
51 0
56 0
51 65
56 65
63 0
61 68
51 0
56 0
46 65
61 0
65 66
65 0
68 68
46 0
46 65
53 65
58 65
68 0
63 70
63 0
65 66
46 0
53 0
58 0
46 65
65 0
63 66
46 0
46 65
46 0
46 65
46 0
53 65
58 65
63 0
61 68
61 0
63 66
53 0
58 0
44 65
63 0
65 70
65 0
68 65
44 0
44 65
51 65
56 65
68 0
63 68
63 0
56 67
44 0
51 0
56 0
44 65
56 0
58 65
44 0
44 65
44 0
44 65
58 0
61 67
44 0
51 65
56 65
61 0
63 64
51 0
56 0
51 65
56 65
63 0
61 65
51 0
56 0
42 65
61 0
65 64
65 0
68 71
42 0
42 65
49 65
54 65
68 0
63 66
63 0
65 64
42 0
49 0
54 0
42 65
65 0
63 68
42 0
42 65
42 0
42 65
42 0
49 65
54 65
63 0
61 64
61 0
63 71
49 0
54 0
44 65
63 0
65 71
65 0
68 65
44 0
44 65
51 65
56 65
68 0
63 70
63 0
65 67
44 0
51 0
56 0
44 65
65 0
63 64
44 0
44 65
44 0
44 65
63 0
61 70
44 0
51 65
56 65
61 0
63 68
51 0
56 0
51 65
56 65
63 0
61 70
51 0
56 0
46 65
61 0
65 68
65 0
68 68
46 0
46 65
53 65
58 65
68 0
63 67
63 0
65 65
46 0
53 0
58 0
46 65
65 0
63 64
46 0
46 65
46 0
46 65
46 0
53 65
58 65
63 0
61 66
61 0
63 70
53 0
58 0
44 65
63 0
65 69
65 0
68 66
44 0
44 65
51 65
56 65
68 0
65 70
65 0
68 68
44 0
51 0
56 0
44 65
44 0
44 65
68 0
65 69
44 0
44 65
65 0
68 68
44 0
51 65
56 65
68 0
65 68
51 0
56 0
51 65
56 65
65 0
68 69
51 0
56 0
42 65
68 0
42 0
42 65
49 65
54 65
42 0
49 0
54 0
42 65
42 0
42 65
42 0
42 65
42 0
49 65
54 65
49 0
54 0
44 65
44 0
44 65
51 65
56 65
44 0
51 0
56 0
44 65
44 0
44 65
44 0
44 65
44 0
51 65
56 65
51 0
56 0
51 65
56 65
51 0
56 0
46 65
46 0
46 65
53 65
58 65
46 0
53 0
58 0
46 65
46 0
46 65
46 0
46 65
46 0
53 65
58 65
53 0
58 0
44 65
44 0
44 65
51 65
56 65
44 0
51 0
56 0
44 65
44 0
44 65
44 0
44 65
44 0
51 65
56 65
51 0
56 0
51 65
56 65
51 0
56 0
42 65
42 0
42 65
49 65
54 65
42 0
49 0
54 0
42 65
42 0
42 65
42 0
42 65
42 0
49 65
54 65
49 0
54 0
44 65
44 0
44 65
51 65
56 65
44 0
51 0
56 0
44 65
44 0
44 65
44 0
44 65
44 0
51 65
56 65
51 0
56 0
51 65
56 65
51 0
56 0
46 65
46 0
46 65
53 65
58 65
46 0
53 0
58 0
46 65
46 0
46 65
46 0
46 65
46 0
53 65
58 65
53 0
58 0
44 65
44 0
44 65
51 65
56 65
44 0
51 0
56 0
44 65
44 0
44 65
44 0
44 65
44 0
51 65
56 65
51 0
56 0
51 65
56 65
51 0
56 0
54 53
61 53
54 0
61 0
63 45
63 0
56 53
63 53
56 0
63 0
65 45
65 0
58 53
65 53
58 0
65 0
68 45
68 0
61 53
68 53
68 0
61 0
58 45
58 0
54 53
61 53
54 0
61 0
63 45
63 0
56 53
63 53
56 0
63 0
65 45
65 0
58 53
65 53
58 0
65 0
68 45
68 0
58 53
65 53
58 0
65 0
68 45
68 0
54 53
61 53
54 0
61 0
63 45
63 0
56 53
63 53
56 0
63 0
65 45
65 0
58 53
65 53
58 0
65 0
68 45
68 0
61 53
68 53
68 0
61 0
58 45
58 0
54 53
61 53
54 0
61 0
63 53
63 0
56 53
63 53
56 0
63 0
65 53
65 0
58 53
65 53
58 0
65 0
68 53
68 0
58 53
65 53
58 0
65 0
68 53
68 0
42 58
49 58
42 0
49 0
42 58
49 58
42 0
49 0
42 58
49 58
42 0
49 0
42 58
49 58
42 0
49 0
44 58
51 58
44 0
51 0
44 58
51 58
44 0
51 0
44 58
51 58
44 0
51 0
44 58
51 58
44 0
51 0
46 58
53 58
46 0
53 0
46 58
53 58
46 0
53 0
46 58
53 58
46 0
53 0
46 58
53 58
46 0
53 0
49 58
56 58
49 0
56 0
49 58
56 58
49 0
56 0
49 58
56 58
49 0
56 0
49 58
56 58
49 0
56 0
42 58
49 58
42 0
49 0
42 58
49 58
42 0
49 0
42 58
49 58
42 0
49 0
42 58
49 58
42 0
49 0
44 58
51 58
44 0
51 0
44 58
51 58
44 0
51 0
44 58
51 58
44 0
51 0
44 58
51 58
44 0
51 0
46 58
53 58
46 0
53 0
46 58
53 58
46 0
53 0
46 58
53 58
46 0
53 0
46 58
53 58
46 0
53 0
46 58
53 58
39 61
39 0
41 62
41 0
44 65
46 0
53 0
46 58
53 58
44 0
46 63
46 0
48 62
48 0
51 63
46 0
53 0
46 58
53 58
51 0
53 63
53 0
56 65
56 0
58 62
58 0
60 63
46 0
53 0
46 58
53 58
60 0
63 62
63 0
65 63
65 0
68 62
68 0
70 64
70 0
72 64
72 0
75 61
46 0
53 0
42 58
49 58
75 0
77 51
42 0
49 0
42 58
49 58
42 0
49 0
42 58
49 58
42 0
49 0
42 58
49 58
42 0
49 0
44 58
51 58
77 0
44 0
51 0
44 58
51 58
44 0
51 0
44 58
51 58
44 0
51 0
44 58
51 58
44 0
51 0
46 58
53 58
46 0
53 0
46 58
53 58
46 0
53 0
46 58
53 58
46 0
53 0
46 58
53 58
46 0
53 0
49 58
56 58
49 0
56 0
49 58
56 58
49 0
56 0
49 58
56 58
49 0
56 0
49 58
56 58
49 0
56 0
42 58
49 58
42 0
49 0
42 58
49 58
42 0
49 0
42 58
49 58
42 0
49 0
42 58
49 58
42 0
49 0
44 58
51 58
44 0
51 0
44 58
51 58
44 0
51 0
44 58
51 58
44 0
51 0
44 58
51 58
44 0
51 0
46 58
53 58
46 0
53 0
46 58
53 58
46 0
53 0
46 58
53 58
46 0
53 0
46 58
53 58
46 0
53 0
46 58
53 58
46 0
53 0
46 59
53 59
46 0
53 0
46 61
53 61
46 0
53 0
46 62
53 62
46 0
53 0
46 63
53 63
46 0
53 0
46 65
53 65
46 0
53 0
46 65
53 65
46 0
53 0
46 65
53 65
46 0
53 0
42 65
42 0
42 65
49 65
54 65
42 0
49 0
54 0
42 65
42 0
42 65
42 0
42 65
42 0
49 65
54 65
49 0
54 0
44 65
44 0
44 65
51 65
56 65
44 0
51 0
56 0
44 65
44 0
44 65
44 0
44 65
44 0
51 65
56 65
51 0
56 0
51 65
56 65
51 0
56 0
46 65
46 0
46 65
53 65
58 65
46 0
53 0
58 0
46 65
46 0
46 65
46 0
46 65
46 0
53 65
58 65
53 0
58 0
44 65
44 0
44 65
51 65
56 65
44 0
51 0
56 0
44 65
44 0
44 65
44 0
44 65
44 0
51 65
56 65
51 0
56 0
51 65
56 65
51 0
56 0
42 65
42 0
42 65
49 65
54 65
42 0
49 0
54 0
42 65
42 0
42 65
42 0
42 65
42 0
49 65
54 65
49 0
54 0
44 65
44 0
44 65
51 65
56 65
44 0
51 0
56 0
44 65
44 0
44 65
44 0
44 65
44 0
51 65
56 65
51 0
56 0
51 65
56 65
51 0
56 0
46 65
46 0
46 65
53 65
58 65
46 0
53 0
58 0
46 65
46 0
46 65
46 0
46 65
46 0
53 65
58 65
53 0
58 0
44 65
39 61
39 0
41 62
41 0
44 65
44 0
46 63
44 0
44 65
51 65
56 65
46 0
48 62
48 0
51 63
51 0
53 63
44 0
51 0
56 0
44 65
53 0
56 65
44 0
44 65
56 0
58 62
58 0
60 63
44 0
44 65
60 0
63 62
63 0
65 63
44 0
51 65
56 65
65 0
68 62
68 0
70 64
51 0
56 0
51 65
56 65
70 0
72 64
72 0
75 61
51 0
56 0
42 53
75 0
72 60
77 51
72 0
42 0
42 53
49 53
54 53
72 59
72 0
42 0
49 0
54 0
42 53
72 58
42 0
42 53
72 0
42 0
42 53
72 59
72 0
42 0
49 53
54 53
72 60
72 0
68 62
68 0
49 0
54 0
44 65
77 0
70 62
70 0
44 0
44 65
51 65
56 65
70 59
70 0
44 0
51 0
56 0
44 65
70 57
44 0
44 65
70 0
44 0
44 65
68 59
68 0
44 0
51 65
56 65
70 59
70 0
51 0
56 0
51 65
56 65
75 57
75 0
51 0
56 0
46 65
72 61
72 0
46 0
46 65
53 65
58 65
72 59
72 0
46 0
53 0
58 0
46 65
72 58
46 0
46 65
72 0
46 0
46 65
75 58
46 0
53 65
58 65
75 0
77 60
77 0
75 57
75 0
70 58
70 0
53 0
58 0
44 65
72 59
72 0
44 0
44 65
51 65
56 65
72 58
72 0
44 0
51 0
56 0
44 65
72 61
44 0
44 65
72 0
44 0
44 65
75 61
75 0
44 0
51 65
56 65
70 59
70 0
51 0
56 0
51 65
56 65
63 59
63 0
51 0
56 0
42 65
72 61
72 0
42 0
42 65
49 65
54 65
72 57
72 0
42 0
49 0
54 0
42 65
72 61
42 0
42 65
72 0
42 0
42 65
72 58
72 0
42 0
49 65
54 65
72 60
72 0
68 56
68 0
49 0
54 0
44 65
70 62
70 0
44 0
44 65
51 65
56 65
70 62
70 0
44 0
51 0
56 0
44 65
70 58
44 0
44 65
70 0
44 0
44 65
68 59
68 0
44 0
51 65
56 65
70 59
70 0
51 0
56 0
51 65
56 65
75 59
75 0
51 0
56 0
46 65
72 61
72 0
46 0
46 65
53 65
58 65
72 60
72 0
46 0
53 0
58 0
46 65
72 57
46 0
46 65
72 0
46 0
46 65
75 60
46 0
53 65
58 65
75 0
77 59
77 0
75 58
75 0
70 58
70 0
53 0
58 0
44 65
72 59
72 0
44 0
44 65
51 65
56 65
72 59
72 0
44 0
51 0
56 0
44 65
72 59
44 0
44 65
72 0
44 0
44 65
63 60
63 0
44 0
51 65
56 65
65 57
65 0
51 0
56 0
51 65
56 65
68 62
68 0
51 0
56 0
42 65
53 85
72 60
53 0
72 0
42 0
42 65
49 65
54 65
53 92
72 58
53 0
72 0
42 0
49 0
54 0
42 65
53 86
72 62
42 0
42 65
53 0
72 0
42 0
42 65
53 90
72 59
53 0
72 0
42 0
49 65
54 65
53 86
72 58
53 0
72 0
49 89
68 61
49 0
68 0
49 0
54 0
44 65
51 94
70 60
51 0
70 0
44 0
44 65
51 65
56 65
51 94
70 62
51 0
70 0
44 0
51 0
56 0
44 65
51 89
70 57
44 0
44 65
51 0
70 0
44 0
44 65
49 93
68 57
49 0
68 0
44 0
51 65
56 65
51 93
70 61
51 0
70 0
51 0
56 0
51 65
56 65
56 91
75 60
56 0
75 0
51 0
56 0
46 65
53 93
72 59
53 0
72 0
46 0
46 65
53 65
58 65
53 89
72 60
53 0
72 0
46 0
53 0
58 0
46 65
53 86
72 59
46 0
46 65
53 0
72 0
46 0
46 65
56 87
75 60
46 0
53 65
58 65
56 0
75 0
58 89
77 62
58 0
77 0
56 87
75 62
56 0
75 0
51 88
70 60
51 0
70 0
53 0
58 0
44 65
53 93
72 61
53 0
72 0
44 0
44 65
51 65
56 65
53 87
72 58
53 0
72 0
44 0
51 0
56 0
44 65
53 93
72 59
44 0
44 65
53 0
72 0
44 0
44 65
56 91
75 57
56 0
75 0
44 0
51 65
56 65
51 90
70 59
51 0
70 0
51 0
56 0
51 65
56 65
44 89
63 61
44 0
63 0
51 0
56 0
42 65
53 93
72 57
53 0
72 0
42 0
42 65
49 65
54 65
53 87
72 62
53 0
72 0
42 0
49 0
54 0
42 65
53 93
72 61
42 0
42 65
53 0
72 0
42 0
42 65
53 88
72 59
53 0
72 0
42 0
49 65
54 65
53 90
72 59
53 0
72 0
49 93
68 57
49 0
68 0
49 0
54 0
44 65
51 92
70 62
51 0
70 0
44 0
44 65
51 65
56 65
51 89
70 59
51 0
70 0
44 0
51 0
56 0
44 65
51 94
70 59
44 0
44 65
51 0
70 0
44 0
44 65
49 85
68 59
49 0
68 0
44 0
51 65
56 65
51 88
70 62
51 0
70 0
51 0
56 0
51 65
56 65
56 91
75 59
56 0
75 0
51 0
56 0
46 65
53 92
72 60
53 0
72 0
46 0
46 65
53 65
58 65
53 93
72 58
53 0
72 0
46 0
53 0
58 0
46 65
53 88
72 60
46 0
46 65
53 0
72 0
46 0
46 65
56 93
75 59
46 0
53 65
58 65
56 0
75 0
58 93
77 62
58 0
77 0
56 86
75 58
56 0
75 0
51 93
70 61
51 0
70 0
53 0
58 0
44 65
53 92
72 62
53 0
72 0
44 0
44 65
51 65
56 65
53 91
72 61
53 0
72 0
44 0
51 0
56 0
44 65
53 93
72 58
44 0
44 65
53 0
72 0
44 0
44 65
44 93
63 58
44 0
63 0
44 0
51 65
56 65
46 85
65 59
46 0
65 0
51 0
56 0
51 65
56 65
49 89
68 59
49 0
68 0
51 0
56 0
54 53
61 53
54 0
61 0
63 45
63 0
56 53
63 53
56 0
63 0
65 45
65 0
58 53
65 53
58 0
65 0
68 45
68 0
61 53
68 53
68 0
61 0
58 45
58 0
54 53
61 53
54 0
61 0
63 45
63 0
56 53
63 53
56 0
63 0
65 45
65 0
58 53
65 53
58 0
65 0
68 45
68 0
58 53
65 53
58 0
65 0
68 45
68 0
42 180
42 0
42 180
42 0
42 180
45 180
42 0
45 0
42 180
45 180
42 0
45 0
42 180
47 180
42 0
47 0
42 180
47 180
42 0
47 0
42 180
50 180
42 0
50 0
42 180
50 180
42 0
50 0
35 180
35 0
35 180
35 0
35 180
35 0
35 180
35 0
35 180
35 0
35 180
35 0
35 180
35 0
35 180
35 0
35 180
35 0
35 180
35 0
35 180
35 0
35 180
35 0
35 180
35 0
35 180
35 0
35 180
35 0
35 180
35 0
35 180
35 0
35 180
35 0
35 180
35 0
35 180
35 0
35 180
35 0
35 180
35 0
35 180
35 0
35 180
35 0
35 180
35 0
35 180
35 0
35 180
35 0
35 180
35 0
35 180
35 0
35 180
35 0
35 180
35 0
35 180
35 0
35 180
35 0
35 180
35 0
35 90
35 0
35 90
35 0
35 90
35 0
35 90
35 0
35 90
35 0
35 90
35 0
51 45
35 90
35 0
51 0
35 90
35 0
35 90
35 0
35 90
35 0
35 90
35 0
35 90
35 0
35 90
35 0
35 90
35 0
51 45
35 90
35 0
51 0
35 90
35 0
35 90
35 0
35 90
35 0
35 90
35 0
35 90
35 0
35 90
35 0
35 90
35 0
51 45
35 90
35 0
51 0
35 90
35 0
35 90
35 0
35 90
35 0
35 90
35 0
35 90
35 0
35 90
35 0
35 90
35 0
51 45
35 90
35 0
51 0
35 90
35 0
35 90
35 0
35 90
35 0
35 90
35 0
35 90
35 0
39 90
42 90
35 90
39 0
42 0
35 0
35 90
39 90
35 0
39 0
35 90
39 90
35 0
42 90
35 90
39 0
42 0
35 0
35 90
39 90
35 0
39 0
35 90
39 90
35 0
42 90
35 90
39 0
42 0
35 0
35 90
39 90
35 0
39 0
35 90
39 90
35 0
42 90
35 90
39 0
42 0
35 0
35 90
39 90
42 90
35 0
39 0
42 0
35 90
39 90
35 0
42 90
35 90
39 0
42 0
35 0
35 90
39 90
42 90
35 0
39 0
42 0
35 90
35 0
39 90
42 90
42 0
35 90
39 0
42 90
42 0
35 0
35 90
39 90
42 90
42 0
35 0
39 0
35 90
42 90
42 0
42 90
42 0
35 0
39 90
42 90
42 0
35 90
42 90
42 0
39 0
42 90
42 0
35 0
35 90
42 90
42 0
39 90
42 90
42 0
42 90
35 0
42 0
42 90
42 0
42 90
39 0
42 0
42 90
42 0
42 90
42 0
38 90
50 90
38 0
50 0
50 90
50 0
38 90
50 90
38 0
50 0
38 90
50 90
38 0
50 0
38 90
47 90
38 0
47 0
38 90
47 90
38 0
47 0
38 90
47 90
38 90
38 0
47 0
47 90
38 0
47 0
38 90
45 90
38 0
45 0
38 90
45 90
38 0
45 0
38 90
45 90
38 0
45 0
49 90
38 180
35 180
38 0
35 0
49 0
35 180
35 0
38 180
38 0
35 180
35 0
38 180
35 180
38 0
35 0
35 180
35 0
38 180
38 0
35 180
35 0
38 180
35 180
38 0
35 0
35 180
35 0
38 180
38 0
35 180
35 0
38 180
35 180
38 0
35 0
35 180
35 0
38 180
38 0
35 180
35 0
38 180
35 180
38 0
35 0
35 180
35 0
38 180
38 0
35 180
35 0
38 180
35 180
38 0
35 0
35 180
35 0
38 180
38 0
35 180
35 0
38 180
35 180
38 0
35 0
35 180
35 0
38 180
38 0
35 180
35 0
38 180
35 180
38 0
35 0
35 180
35 0
38 180
38 0
35 180
42 45
35 0
42 0
42 45
42 0
42 45
42 0
42 45
42 0
38 180
42 45
42 0
42 45
42 0
42 45
42 0
35 90
42 45
38 0
35 0
42 0
42 45
42 0
42 45
42 0
35 90
42 45
35 0
42 0
42 45
42 0
38 180
42 45
42 0
42 45
42 0
42 45
42 0
42 45
38 0
42 0
35 90
42 45
35 0
42 0
42 45
42 0
42 45
42 0
42 45
42 0
38 180
42 45
42 0
42 45
42 0
42 45
42 0
35 90
42 45
38 0
35 0
42 0
42 45
42 0
42 45
42 0
35 90
42 45
35 0
42 0
42 45
42 0
38 180
42 45
42 0
42 45
42 0
42 45
42 0
42 45
38 0
42 0
35 90
42 45
35 0
42 0
42 45
42 0
42 45
42 0
42 45
42 0
38 180
42 45
42 0
42 45
42 0
42 45
42 0
35 90
42 45
38 0
35 0
42 0
42 45
42 0
42 45
42 0
35 90
42 45
35 0
42 0
42 45
42 0
38 180
42 45
42 0
42 45
42 0
42 45
42 0
42 45
38 0
42 0
35 90
42 45
35 0
42 0
42 45
42 0
42 45
42 0
42 45
42 0
38 180
42 45
42 0
42 45
42 0
42 45
42 0
35 90
42 45
38 0
35 0
42 0
42 45
42 0
42 45
42 0
35 90
42 45
35 0
42 0
42 45
42 0
38 180
42 45
42 0
42 45
42 0
42 45
42 0
42 45
38 0
42 0
35 90
42 45
35 0
42 0
42 45
42 0
42 45
42 0
42 45
42 0
38 180
42 45
42 0
42 45
42 0
42 45
42 0
35 90
42 45
38 0
35 0
42 0
42 45
42 0
42 45
42 0
35 90
42 45
35 0
42 0
42 45
42 0
38 180
42 45
42 0
42 45
42 0
42 45
42 0
42 45
38 0
42 0
35 90
42 45
35 0
42 0
42 45
42 0
42 45
42 0
42 45
42 0
38 180
42 45
42 0
42 45
42 0
42 45
42 0
35 90
42 45
38 0
35 0
42 0
42 45
42 0
42 45
42 0
35 90
42 45
35 0
42 0
42 45
42 0
38 180
42 45
42 0
42 45
42 0
42 45
42 0
42 45
38 0
42 0
35 90
42 45
35 0
42 0
42 45
42 0
42 45
42 0
42 45
42 0
38 180
42 45
42 0
42 45
42 0
42 45
42 0
35 90
42 45
38 0
35 0
42 0
42 45
42 0
42 45
42 0
35 90
42 45
35 0
42 0
42 45
42 0
38 180
42 45
42 0
42 45
42 0
42 45
42 0
42 45
38 0
42 0
35 90
42 45
35 0
42 0
42 45
42 0
42 45
42 0
42 45
42 0
38 180
42 45
42 0
42 45
42 0
42 45
42 0
35 90
42 45
38 0
35 0
42 0
42 45
42 0
42 45
42 0
35 90
42 45
50 90
42 0
50 0
42 45
50 90
42 0
50 0
38 180
42 45
47 90
42 0
47 0
42 45
47 90
42 0
35 0
47 0
42 45
45 90
42 0
45 0
42 45
45 90
38 0
42 0
45 0
49 90
49 0
42 180
42 0
42 180
42 0
42 180
45 180
42 0
45 0
42 180
45 180
42 0
45 0
42 180
47 180
42 0
47 0
42 180
47 180
42 0
47 0
42 180
50 180
42 0
50 0
42 180
50 180
42 0
50 0
35 180
35 0
35 180
35 0
35 180
35 0
35 180
35 0
35 180
35 0
35 180
35 0
35 180
35 0
35 180
35 0
35 180
35 0
35 180
35 0
35 180
35 0
35 180
35 0
35 180
35 0
35 180
35 0
35 180
35 0
35 180
35 0
35 180
35 0
35 180
35 0
35 180
35 0
35 180
35 0
35 180
35 0
35 180
35 0
35 180
35 0
35 180
35 0
35 180
35 0
35 180
35 0
35 180
35 0
35 180
35 0
35 180
35 0
35 180
35 0
35 180
35 0
35 180
35 0
35 180
35 0
35 180
35 180
35 0
35 0
35 90
35 0
35 90
35 0
35 90
35 0
35 90
35 0
35 90
35 0
51 90
35 90
35 0
51 0
35 90
35 0
35 90
35 0
35 90
35 0
35 90
35 0
35 90
35 0
35 90
35 0
35 90
35 0
51 90
35 90
35 0
51 0
35 90
35 0
35 90
35 0
35 90
35 0
35 90
35 0
35 90
35 0
35 90
35 0
35 90
35 0
51 90
35 90
35 0
51 0
35 90
35 0
35 90
35 0
35 90
35 0
35 90
35 0
35 90
35 0
35 90
35 0
35 90
35 0
51 90
35 90
35 0
51 0
35 90
35 0
35 90
35 0
35 90
35 0
35 90
35 0
35 90
35 0
39 90
42 90
35 90
39 0
42 0
35 0
35 90
39 90
35 0
39 0
35 90
39 90
35 0
42 90
35 90
39 0
42 0
35 0
35 90
39 90
35 0
39 0
35 90
39 90
35 0
42 90
35 90
39 0
42 0
35 0
35 90
39 90
35 0
39 0
35 90
39 90
35 0
42 90
35 90
39 0
42 0
35 0
35 90
39 90
42 90
35 0
39 0
42 0
35 90
39 90
35 0
42 90
35 90
39 0
42 0
35 0
35 90
39 90
42 90
35 0
39 0
42 0
35 90
35 0
39 90
42 90
42 0
35 90
39 0
42 90
42 0
35 0
35 90
39 90
42 90
42 0
42 90
35 0
42 0
39 0
35 90
42 90
42 0
42 90
42 0
35 0
39 90
42 90
42 0
35 90
42 90
42 0
42 90
39 0
42 0
42 90
35 0
35 90
42 0
39 90
42 90
42 0
42 90
35 0
42 0
42 90
42 0
42 90
42 90
39 0
42 0
42 0
42 90
42 0
38 90
50 90
38 0
50 0
50 90
50 0
38 90
50 90
38 0
50 0
38 90
50 90
38 0
50 0
38 90
47 90
38 0
47 0
38 90
47 90
38 0
47 0
38 90
47 90
38 90
38 0
47 0
47 90
38 0
47 0
38 90
45 90
38 0
45 0
38 90
45 90
38 0
45 0
38 90
45 90
38 0
45 0
49 90
35 90
35 0
38 90
35 90
38 0
35 0
49 0
35 90
35 0
38 90
38 0
35 90
35 0
38 180
35 180
38 0
35 0
35 180
35 0
38 180
38 0
35 180
35 0
38 180
35 180
38 0
35 0
35 180
35 0
38 180
38 0
35 180
35 0
38 180
35 180
38 0
35 0
35 180
35 0
38 180
38 0
35 180
35 0
38 180
35 180
38 0
35 0
35 180
35 0
38 180
38 0
35 180
35 0
38 180
35 180
38 0
35 0
35 180
35 0
38 180
38 0
35 180
35 0
38 180
35 180
38 0
35 0
35 180
35 0
38 180
38 0
35 180
35 0
38 180
35 180
38 0
35 0
35 180
35 0
38 180
38 0
35 180
35 0
38 180
35 90
38 0
35 0
35 90
35 0
38 180
38 0
35 90
35 0
38 180
35 90
38 0
35 0
35 90
35 0
38 180
38 0
35 90
35 0
38 180
35 90
38 0
35 0
35 90
35 0
38 180
38 0
35 90
35 0
38 180
35 90
38 0
35 0
35 90
35 0
38 180
38 0
35 90
35 0
38 180
35 90
38 0
35 0
35 90
35 0
38 180
38 0
35 90
35 0
38 180
35 90
38 0
35 0
35 90
35 0
38 180
38 0
35 90
35 0
38 180
35 90
38 0
35 0
35 90
35 0
38 180
38 0
35 90
35 0
38 180
35 90
38 0
35 0
50 90
35 90
50 0
50 90
38 180
50 0
47 90
47 0
47 90
47 0
35 0
45 90
45 0
45 90
35 90
42 45
35 0
42 0
42 45
42 0
42 45
42 0
42 45
38 90
42 0
42 45
42 0
42 45
42 0
42 45
35 90
42 0
42 45
38 0
35 0
42 0
42 45
42 0
42 45
35 90
42 0
42 45
35 0
42 0
42 45
38 90
42 0
42 45
42 0
42 45
42 0
42 45
42 0
42 45
38 0
35 90
42 0
42 45
35 0
42 0
42 45
42 0
42 45
42 0
42 45
38 90
42 0
42 45
42 0
42 45
42 0
42 45
35 90
42 0
42 45
38 0
35 0
42 0
42 45
42 0
42 45
35 90
42 0
42 45
35 0
42 0
42 45
38 180
42 0
42 45
42 0
42 45
42 0
42 45
42 0
42 45
38 0
35 90
42 0
42 45
35 0
42 0
42 45
42 0
42 45
42 0
42 45
38 180
42 0
42 45
42 0
42 45
42 0
42 45
35 90
42 0
42 45
38 0
35 0
42 0
42 45
42 0
42 45
35 90
42 0
42 45
35 0
42 0
42 45
38 180
42 0
42 45
42 0
42 45
42 0
42 45
42 0
42 45
38 0
35 90
42 0
42 45
35 0
42 0
42 45
42 0
42 45
42 0
42 45
38 180
42 0
42 45
42 0
42 45
42 0
42 45
35 90
42 0
42 45
38 0
35 0
42 0
42 45
42 0
42 45
35 90
42 0
42 45
35 0
42 0
42 45
38 180
42 0
42 45
42 0
42 45
42 0
42 45
42 0
42 45
38 0
35 90
42 0
42 45
35 0
42 0
42 45
42 0
42 45
42 0
42 45
38 180
42 0
42 45
42 0
42 45
42 0
42 45
35 90
42 0
42 45
38 0
35 0
42 0
42 45
42 0
42 45
35 90
42 0
42 45
35 0
42 0
42 45
38 180
42 0
42 45
42 0
42 45
42 0
42 45
42 0
42 45
38 0
35 90
42 0
42 45
35 0
42 0
42 45
42 0
42 45
42 0
42 45
38 180
42 0
42 45
42 0
42 45
42 0
42 45
35 90
42 0
42 45
38 0
35 0
42 0
42 45
42 0
42 45
35 90
42 0
42 45
35 0
42 0
42 45
38 180
42 0
42 45
42 0
42 45
42 0
42 45
42 0
42 45
38 0
35 90
42 0
42 45
35 0
42 0
42 45
42 0
42 45
42 0
42 45
38 180
42 0
42 45
42 0
42 45
42 0
42 45
35 90
42 0
42 45
38 0
35 0
42 0
42 45
42 0
42 45
35 90
42 0
42 45
35 0
42 0
42 45
38 180
42 0
42 45
42 0
42 45
42 0
42 45
42 0
42 45
38 0
35 90
42 0
42 45
35 0
42 0
42 45
42 0
42 45
42 0
42 45
38 180
42 0
42 45
42 0
42 45
42 0
42 45
35 90
42 0
42 45
38 0
35 0
42 0
42 45
42 0
42 45
50 90
35 90
42 0
42 45
50 0
50 90
42 0
42 45
38 180
50 0
47 90
42 0
42 45
47 0
47 90
42 0
42 45
47 0
35 0
45 90
42 0
42 45
45 0
45 90
42 0
42 45
49 90
42 0
49 0
51 90
51 0
51 90
51 0
51 90
51 0
51 90
51 0
51 90
51 0
51 90
51 0
51 90
51 0
51 90
51 0
