325
330
332
337
340
345
347
352
355
360
360
365
365
370
372
377
380
385
387
392
395
400
400
405
405
410
412
417
420
425
427
432
435
440
440
445
445
450
452
457
460
465
467
472
475
480
480
485
485
490
492
497
500
505
507
512
515
520
520
525
525
530
532
537
540
545
547
552
555
560
560
565
565
570
572
577
580
585
587
592
595
600
600
605
605
610
612
617
620
625
645
650
650
655
655
660
660
665
665
670
670
675
675
680
680
685
685
689
690
695
695
699
700
705
705
709
710
715
715
719
720
725
725
729
730
735
735
739
740
745
745
749
750
755
755
759
760
765
765
770
770
775
775
780
780
785
785
790
790
795
795
800
800
805
805
810
810
815
815
820
820
825
825
830
830
835
835
840
840
845
845
849
850
855
855
859
860
865
865
869
870
875
875
879
880
885
885
889
890
895
895
899
900
905
905
909
910
915
915
919
920
925
925
930
930
935
935
940
940
945
945
950
950
955
955
959
960
960
964
964
965
965
969
969
970
970
974
974
975
975
980
980
984
984
985
985
989
989
990
990
994
994
995
995
1000
1000
1004
1004
1005
1005
1009
1009
1009
1010
1014
1014
1015
1015
1019
1020
1025
1025
1029
1029
1029
1030
1034
1034
1035
1035
1039
1039
1039
1040
1044
1044
1045
1045
1049
1049
1049
1050
1054
1054
1055
1055
1059
1060
1064
1064
1065
1065
1069
1069
1069
1070
1074
1074
1075
1075
1079
1080
1084
1084
1085
1085
1089
1089
1090
1090
1094
1094
1095
1095
1100
1100
1104
1104
1105
1105
1109
1109
1110
1110
1115
1115
1119
1119
1120
1120
1124
1124
1125
1125
1129
1129
1130
1130
1134
1134
1135
1135
1140
1140
1144
1144
1145
1145
1149
1149
1150
1150
1154
1154
1155
1155
1160
1160
1164
1164
1165
1165
1169
1169
1169
1170
1175
1175
1179
1180
1184
1184
1185
1185
1189
1189
1189
1190
1194
1194
1195
1195
1199
1200
1204
1204
1205
1205
1209
1209
1209
1210
1214
1214
1215
1215
1219
1220
1224
1224
1225
1225
1229
1229
1229
1230
1234
1234
1235
1235
1239
1239
1239
1240
1244
1244
1245
1245
1249
1249
1250
1250
1254
1254
1255
1255
1259
1259
1260
1260
1264
1264
1265
1265
1269
1269
1270
1270
1274
1274
1275
1275
1279
1280
1280
1285
1285
1290
1290
1294
1295
1295
1296
1296
1297
1297
1297
1299
1299
1300
1300
1304
1304
1305
1305
1307
1307
1309
1309
1310
1310
1312
1312
1314
1314
1315
1315
1317
1317
1320
1320
1325
1325
1329
1330
1334
1335
1335
1336
1336
1337
1337
1337
1339
1339
1339
1340
1344
1344
1345
1345
1347
1347
1349
1349
1349
1350
1352
1352
1354
1354
1355
1355
1357
1357
1359
1360
1365
1365
1369
1370
1374
1375
1375
1376
1376
1377
1377
1377
1379
1379
1379
1380
1384
1384
1385
1385
1387
1387
1389
1389
1389
1390
1392
1392
1392
1392
1394
1394
1394
1394
1395
1395
1397
1397
1399
1400
1405
1405
1410
1410
1414
1415
1415
1416
1416
1417
1417
1417
1419
1419
1420
1420
1424
1424
1425
1425
1427
1427
1429
1429
1430
1430
1432
1432
1434
1434
1435
1435
1437
1437
1440
1440
1445
1445
1450
1450
1454
1455
1455
1456
1456
1457
1457
1457
1459
1459
1460
1460
1464
1464
1465
1465
1467
1467
1469
1469
1470
1470
1472
1472
1474
1474
1475
1475
1477
1477
1480
1480
1485
1485
1489
1490
1494
1495
1495
1496
1496
1497
1497
1497
1499
1499
1499
1500
1504
1504
1505
1505
1507
1507
1509
1509
1509
1510
1512
1512
1514
1514
1515
1515
1517
1517
1519
1520
1525
1525
1529
1530
1534
1535
1535
1536
1536
1537
1537
1537
1539
1539
1539
1540
1544
1544
1545
1545
1547
1547
1549
1549
1549
1550
1552
1552
1552
1552
1554
1554
1554
1554
1555
1555
1557
1557
1559
1560
1565
1574
1576
1576
1577
1577
1577
1579
1579
1584
1584
1587
1587
1589
1589
1592
1592
1594
1594
1597
1597
1605
1605
1610
1610
1614
1615
1615
1616
1616
1617
1617
1617
1619
1619
1620
1620
1622
1622
1624
1624
1627
1627
1627
1627
1629
1629
1630
1630
1632
1632
1634
1634
1635
1635
1635
1635
1637
1637
1640
1640
1640
1640
1645
1645
1645
1645
1650
1650
1654
1655
1655
1656
1656
1657
1657
1657
1659
1659
1660
1660
1662
1662
1664
1664
1667
1667
1667
1667
1669
1669
1670
1670
1672
1672
1674
1674
1675
1675
1675
1675
1677
1677
1680
1680
1680
1680
1685
1685
1685
1685
1690
1690
1694
1695
1695
1696
1696
1697
1697
1697
1699
1699
1700
1700
1702
1702
1704
1704
1707
1707
1707
1707
1709
1709
1710
1710
1712
1712
1712
1712
1714
1714
1714
1714
1715
1715
1715
1715
1717
1717
1720
1720
1720
1720
1725
1725
1725
1725
1730
1730
1734
1735
1735
1736
1736
1737
1737
1737
1739
1739
1740
1740
1742
1742
1744
1744
1747
1747
1747
1747
1749
1749
1750
1750
1752
1752
1754
1754
1755
1755
1755
1755
1757
1757
1760
1760
1760
1760
1765
1765
1765
1765
1770
1770
1774
1775
1775
1776
1776
1777
1777
1777
1779
1779
1780
1780
1782
1782
1784
1784
1787
1787
1787
1787
1789
1789
1790
1790
1792
1792
1794
1794
1795
1795
1795
1795
1797
1797
1800
1800
1800
1800
1805
1805
1805
1805
1810
1810
1814
1815
1815
1816
1816
1817
1817
1817
1819
1819
1820
1820
1822
1822
1824
1824
1827
1827
1827
1827
1829
1829
1830
1830
1832
1832
1834
1834
1835
1835
1835
1835
1837
1837
1840
1840
1840
1840
1845
1845
1845
1845
1850
1850
1854
1855
1855
1856
1856
1857
1857
1857
1859
1859
1860
1860
1862
1862
1864
1864
1867
1867
1867
1867
1869
1869
1870
1870
1872
1872
1872
1872
1874
1874
1874
1874
1875
1875
1875
1875
1877
1877
1880
1880
1880
1880
1885
1885
1885
1885
1890
1890
1894
1895
1895
1896
1896
1897
1897
1897
1899
1899
1900
1900
1902
1902
1904
1904
1907
1907
1907
1907
1909
1909
1910
1910
1912
1912
1914
1914
1915
1915
1915
1915
1917
1917
1920
1920
1920
1920
1921
1921
2559
2564
2564
2569
2569
2574
2574
2584
2584
2589
2589
2594
2594
2604
2604
2609
2609
2614
2614
2629
2629
2634
2634
2639
2639
2644
2644
2649
2649
2654
2654
2664
2664
2669
2669
2674
2674
2684
2684
2689
2689
2694
2694
2704
2704
2709
2709
2719
2719
2724
2724
2729
2729
2734
2734
2744
2744
2749
2749
2754
2754
2764
2764
2769
2769
2784
2784
2789
2789
2794
2794
2804
2804
2809
2809
2814
2814
2824
2824
2829
2829
2834
2834
2839
2839
2844
2844
2849
2849
2854
2854
2859
2859
2864
2864
2869
2869
2874
2874
2879
2885
2890
2892
2897
2899
2900
2904
2904
2905
2907
2909
2909
2912
2914
2914
2915
2917
2917
2920
2920
2925
2925
2929
2930
2932
2937
2939
2940
2944
2944
2945
2947
2949
2949
2952
2954
2954
2955
2957
2957
2960
2960
2965
2965
2969
2970
2972
2977
2979
2980
2984
2984
2985
2987
2989
2989
2992
2994
2994
2995
2996
2996
2997
2997
2998
2998
2999
2999
3000
3000
3004
3004
3005
3005
3009
3009
3010
3012
3014
3014
3017
3017
3017
3020
3024
3024
3025
3027
3029
3029
3032
3034
3034
3035
3039
3039
3040
3040
3044
3044
3045
3045
3049
3049
3050
3052
3054
3054
3057
3057
3057
3059
3060
3064
3064
3065
3067
3069
3069
3069
3072
3074
3074
3075
3077
3077
3079
3080
3080
3084
3084
3085
3085
3089
3089
3089
3090
3092
3094
3094
3097
3097
3097
3099
3100
3104
3104
3105
3107
3109
3109
3109
3112
3114
3114
3115
3117
3117
3119
3120
3120
3124
3124
3125
3125
3129
3129
3129
3130
3132
3134
3134
3136
3136
3137
3137
3137
3138
3138
3139
3139
3140
3144
3144
3145
3147
3149
3149
3152
3154
3154
3155
3156
3156
3157
3157
3158
3158
3159
3159
3160
3160
3164
3164
3165
3165
3169
3169
3170
3172
3174
3174
3177
3179
3179
3180
3184
3184
3185
3189
3189
3194
3194
3199
3214
3216
3216
3217
3217
3217
3219
3219
3224
3224
3227
3227
3229
3229
3232
3232
3234
3234
3237
3237
3254
3256
3256
3257
3257
3257
3259
3259
3264
3264
3267
3267
3269
3269
3272
3272
3274
3274
3277
3277
3294
3296
3296
3297
3297
3297
3299
3299
3304
3304
3307
3307
3309
3309
3312
3312
3312
3312
3314
3314
3314
3314
3317
3317
3334
3336
3336
3337
3337
3337
3339
3339
3344
3344
3347
3347
3349
3349
3352
3352
3354
3354
3357
3357
3374
3376
3376
3377
3377
3377
3379
3379
3384
3384
3387
3387
3389
3389
3392
3392
3394
3394
3397
3397
3414
3416
3416
3417
3417
3417
3419
3419
3424
3424
3427
3427
3429
3429
3432
3432
3434
3434
3437
3437
3454
3456
3456
3457
3457
3457
3459
3459
3464
3464
3467
3467
3469
3469
3472
3472
3472
3472
3474
3474
3474
3474
3477
3477
3494
3496
3496
3497
3497
3497
3499
3499
3504
3504
3507
3507
3509
3509
3512
3512
3514
3514
3517
3517
3519
3524
3524
3525
3527
3529
3529
3530
3530
3532
3534
3534
3534
3535
3535
3536
3536
3537
3537
3537
3537
3539
3539
3539
3539
3540
3540
3542
3542
3544
3544
3544
3544
3545
3545
3547
3547
3547
3549
3549
3549
3549
3550
3550
3550
3552
3552
3552
3554
3554
3554
3554
3555
3555
3557
3557
3557
3559
3559
3560
3560
3562
3564
3564
3565
3565
3567
3569
3569
3570
3570
3572
3574
3574
3574
3575
3575
3576
3576
3577
3577
3577
3577
3579
3579
3579
3579
3580
3580
3582
3582
3584
3584
3584
3584
3585
3585
3587
3587
3587
3589
3589
3589
3589
3590
3590
3590
3592
3592
3592
3594
3594
3594
3594
3595
3595
3597
3597
3597
3599
3599
3600
3600
3602
3604
3604
3605
3605
3607
3609
3609
3610
3610
3612
3614
3614
3614
3615
3615
3616
3616
3617
3617
3617
3617
3619
3619
3619
3619
3620
3620
3622
3622
3624
3624
3624
3624
3625
3625
3627
3627
3627
3629
3629
3629
3629
3630
3630
3630
3632
3632
3632
3632
3634
3634
3634
3634
3634
3634
3635
3635
3635
3637
3637
3637
3637
3639
3639
3640
3640
3640
3642
3644
3644
3645
3645
3647
3649
3649
3650
3650
3652
3654
3654
3654
3655
3655
3656
3656
3657
3657
3657
3657
3659
3659
3659
3659
3660
3660
3662
3662
3664
3664
3664
3664
3665
3665
3667
3667
3667
3669
3669
3669
3669
3670
3670
3670
3672
3672
3672
3674
3674
3674
3674
3675
3675
3677
3677
3677
3679
3679
3680
3680
3682
3684
3684
3685
3685
3687
3689
3689
3690
3690
3692
3694
3694
3694
3695
3695
3696
3696
3697
3697
3697
3697
3699
3699
3699
3699
3700
3700
3702
3702
3704
3704
3704
3704
3705
3705
3707
3707
3707
3709
3709
3709
3709
3710
3710
3710
3712
3712
3712
3714
3714
3714
3714
3715
3715
3717
3717
3717
3719
3719
3720
3720
3722
3724
3724
3725
3725
3727
3729
3729
3730
3730
3732
3734
3734
3734
3735
3735
3736
3736
3737
3737
3737
3737
3739
3739
3739
3739
3740
3740
3742
3742
3744
3744
3744
3744
3745
3745
3747
3747
3747
3749
3749
3749
3749
3750
3750
3750
3752
3752
3752
3754
3754
3754
3754
3755
3755
3757
3757
3757
3759
3759
3760
3760
3762
3764
3764
3765
3765
3767
3769
3769
3770
3770
3772
3774
3774
3774
3775
3775
3776
3776
3777
3777
3777
3777
3779
3779
3779
3779
3780
3780
3782
3782
3784
3784
3784
3784
3785
3785
3787
3787
3787
3789
3789
3789
3789
3790
3790
3790
3792
3792
3792
3792
3794
3794
3794
3794
3794
3794
3795
3795
3795
3797
3797
3797
3797
3799
3799
3800
3800
3800
3802
3804
3804
3805
3805
3807
3809
3809
3810
3810
3812
3814
3814
3814
3815
3815
3816
3816
3817
3817
3817
3817
3819
3819
3819
3819
3820
3820
3822
3822
3824
3824
3824
3824
3825
3825
3827
3827
3827
3829
3829
3829
3829
3830
3830
3830
3832
3832
3832
3834
3834
3834
3834
3835
3835
3837
3837
3837
3839
3839
3839
3840
3844
3844
3844
3844
3845
3845
3849
3849
3849
3849
3850
3850
3854
3854
3854
3854
3855
3855
3855
3856
3856
3857
3857
3857
3859
3859
3860
3860
3860
3860
3864
3864
3864
3864
3865
3865
3865
3865
3867
3867
3869
3869
3869
3869
3870
3870
3870
3870
3872
3872
3874
3874
3874
3874
3875
3875
3875
3875
3877
3877
3879
3879
3880
3880
3884
3884
3884
3884
3885
3885
3889
3889
3889
3889
3890
3890
3894
3894
3894
3894
3895
3895
3895
3896
3896
3897
3897
3897
3899
3899
3900
3900
3900
3900
3904
3904
3905
3905
3905
3905
3907
3907
3909
3909
3909
3910
3910
3910
3910
3912
3912
3914
3914
3914
3915
3915
3915
3915
3917
3917
3919
3919
3919
3919
3920
3920
3924
3924
3924
3924
3925
3925
3929
3929
3929
3929
3930
3930
3934
3934
3934
3934
3935
3935
3935
3936
3936
3937
3937
3937
3939
3939
3940
3940
3940
3940
3944
3944
3944
3944
3945
3945
3945
3945
3947
3947
3949
3949
3949
3949
3950
3950
3950
3950
3952
3952
3952
3952
3954
3954
3954
3954
3955
3955
3955
3955
3955
3955
3957
3957
3959
3959
3960
3960
3964
3964
3964
3964
3965
3965
3969
3969
3969
3970
3970
3974
3974
3974
3975
3975
3975
3976
3976
3977
3977
3977
3979
3979
3980
3980
3980
3980
3984
3984
3984
3984
3985
3985
3985
3985
3987
3987
3989
3989
3989
3989
3990
3990
3990
3990
3992
3992
3994
3994
3995
3995
3995
3995
3997
3997
3999
3999
3999
3999
4000
4000
4004
4004
4004
4004
4005
4005
4009
4009
4009
4009
4010
4010
4014
4014
4014
4014
4015
4015
4015
4016
4016
4017
4017
4017
4019
4019
4020
4020
4020
4020
4024
4024
4024
4024
4025
4025
4025
4025
4027
4027
4029
4029
4029
4029
4030
4030
4030
4030
4032
4032
4034
4034
4034
4034
4035
4035
4035
4035
4037
4037
4039
4039
4040
4040
4044
4044
4044
4044
4045
4045
4049
4049
4049
4050
4050
4054
4055
4055
4055
4056
4056
4057
4057
4057
4059
4059
4060
4060
4060
4060
4064
4064
4064
4064
4065
4065
4065
4065
4067
4067
4069
4069
4069
4069
4070
4070
4070
4070
4072
4072
4074
4074
4074
4074
4075
4075
4075
4075
4077
4077
4079
4079
4080
4080
4084
4084
4084
4084
4085
4085
4089
4089
4089
4089
4090
4090
4094
4094
4094
4094
4095
4095
4095
4096
4096
4097
4097
4097
4099
4099
4100
4100
4100
4100
4104
4104
4104
4104
4105
4105
4105
4105
4107
4107
4109
4109
4109
4109
4110
4110
4110
4110
4112
4112
4112
4112
4114
4114
4114
4114
4115
4115
4115
4115
4115
4115
4117
4117
4119
4119
4119
4119
4120
4120
4124
4124
4124
4124
4125
4125
4129
4129
4129
4130
4130
4134
4134
4134
4135
4135
4135
4136
4136
4137
4137
4137
4139
4139
4139
4139
4140
4140
4140
4140
4144
4144
4144
4144
4145
4145
4145
4145
4147
4147
4149
4149
4149
4149
4150
4150
4150
4150
4152
4152
4154
4154
4154
4154
4155
4155
4155
4155
4157
4157
4159
4159
4159
5
9
10
14
15
19
20
29
30
34
35
39
40
44
45
49
50
64
65
69
70
74
75
84
85
89
90
94
95
104
105
109
110
114
115
124
125
129
130
134
135
145
149
150
150
159
165
169
170
174
175
179
180
189
190
194
195
199
200
204
205
209
210
224
225
229
230
234
235
244
245
249
250
254
255
264
265
269
270
274
275
284
285
289
290
294
295
299
300
309
310
319
320
320
324
324
325
325
329
329
330
334
335
335
344
344
345
349
350
350
354
354
355
364
365
369
370
374
375
375
389
389
390
394
395
399
400
400
404
404
405
405
409
409
410
414
415
415
424
424
425
429
430
430
434
434
435
444
445
449
450
450
454
454
455
455
464
464
465
469
470
479
480
480
484
484
485
485
489
489
490
494
495
495
504
504
505
509
510
510
514
514
515
524
525
525
529
529
530
530
544
544
545
549
550
554
555
564
565
569
570
574
575
584
585
589
590
594
595
599
600
604
605
609
610
614
615
619
620
624
625
629
630
634
635
639
640
644
645
649
650
654
655
657
657
669
670
674
675
679
680
684
685
689
690
694
695
697
697
704
705
709
710
714
715
719
720
724
725
729
730
734
735
737
737
749
750
754
755
759
760
764
765
769
770
774
775
777
777
784
785
789
790
794
795
799
800
804
805
809
810
814
815
817
817
829
830
834
835
839
840
844
845
849
850
854
855
857
857
864
865
869
870
874
875
879
880
884
885
889
890
894
895
897
897
904
905
909
910
914
915
919
920
924
925
929
930
934
935
939
940
944
945
949
950
954
955
959
960
960
964
964
965
965
969
969
970
970
974
974
975
975
977
977
977
977
989
989
990
990
994
994
995
995
999
999
1000
1000
1004
1004
1005
1005
1009
1009
1010
1010
1014
1014
1015
1015
1017
1017
1017
1017
1024
1024
1025
1025
1029
1029
1030
1030
1034
1034
1035
1035
1035
1037
1037
1037
1039
1039
1040
1040
1042
1044
1045
1045
1047
1047
1049
1049
1050
1050
1052
1054
1055
1055
1057
1057
1057
1057
1059
1060
1062
1065
1067
1067
1069
1069
1070
1072
1075
1077
1077
1079
1080
1080
1084
1084
1085
1085
1089
1089
1090
1090
1094
1094
1095
1095
1097
1097
1097
1097
1100
1104
1104
1104
1105
1105
1109
1109
1110
1110
1114
1114
1115
1115
1119
1119
1120
1120
1124
1124
1125
1125
1129
1129
1130
1130
1134
1134
1135
1135
1137
1137
1137
1137
1149
1149
1150
1150
1154
1154
1155
1155
1159
1159
1160
1160
1164
1164
1165
1165
1169
1169
1170
1170
1174
1174
1175
1175
1177
1177
1177
1177
1184
1184
1185
1185
1189
1189
1190
1190
1194
1194
1195
1195
1195
1197
1197
1197
1197
1199
1200
1200
1202
1204
1205
1205
1207
1207
1209
1209
1210
1210
1212
1214
1215
1215
1217
1217
1217
1217
1219
1220
1222
1224
1225
1227
1227
1229
1230
1232
1235
1235
1237
1237
1239
1239
1240
1240
1244
1244
1245
1245
1249
1249
1250
1250
1254
1254
1255
1255
1259
1259
1260
1260
1264
1264
1265
1265
1269
1269
1270
1270
1274
1274
1275
1275
1279
1279
1280
1289
1290
1297
1297
1304
1305
1309
1310
1314
1315
1319
1320
1329
1330
1337
1337
1344
1345
1349
1350
1354
1355
1359
1360
1369
1370
1377
1377
1384
1385
1389
1390
1392
1392
1394
1395
1399
1400
1409
1410
1417
1417
1424
1425
1429
1430
1434
1435
1439
1440
1449
1450
1457
1457
1464
1465
1469
1470
1474
1475
1479
1480
1489
1490
1497
1497
1504
1505
1509
1510
1514
1515
1519
1520
1529
1530
1537
1537
1544
1545
1549
1550
1552
1552
1554
1555
1559
1560
1569
1570
1577
1577
1584
1585
1589
1590
1594
1595
1599
1600
1600
1609
1609
1610
1610
1617
1617
1617
1617
1624
1624
1625
1625
1629
1629
1630
1630
1634
1634
1635
1635
1639
1639
1640
1640
1649
1649
1650
1650
1657
1657
1657
1657
1664
1664
1665
1665
1669
1669
1670
1670
1674
1674
1675
1675
1679
1679
1680
1680
1689
1689
1690
1690
1697
1697
1697
1697
1704
1704
1705
1705
1709
1709
1710
1712
1712
1714
1715
1719
1720
1720
1729
1729
1730
1730
1737
1737
1737
1737
1744
1744
1745
1745
1749
1749
1750
1750
1754
1754
1755
1755
1755
1759
1760
1760
1769
1769
1770
1770
1777
1777
1777
1777
1784
1784
1785
1785
1789
1789
1790
1790
1794
1794
1795
1795
1799
1799
1800
1800
1809
1809
1810
1810
1817
1817
1817
1817
1824
1824
1825
1825
1829
1829
1830
1830
1834
1834
1835
1835
1839
1839
1840
1840
1849
1849
1850
1850
1857
1857
1857
1857
1864
1864
1865
1865
1869
1869
1870
1872
1872
1874
1875
1879
1880
1880
1889
1889
1890
1890
1897
1897
1897
1897
1904
1904
1905
1905
1909
1909
1910
1910
1914
1914
1915
1915
1919
1919
1925
1929
1930
1934
1935
1939
1940
1949
1950
1954
1955
1959
1960
1964
1965
1969
1970
1984
1985
1989
1990
1994
1995
2004
2005
2009
2010
2014
2015
2024
2025
2029
2030
2034
2035
2044
2045
2049
2050
2054
2055
2064
2065
2069
2070
2079
2085
2089
2090
2094
2095
2099
2100
2109
2110
2114
2115
2119
2120
2124
2125
2129
2130
2144
2145
2149
2150
2154
2155
2164
2165
2169
2170
2174
2175
2184
2185
2189
2190
2194
2195
2204
2205
2209
2210
2214
2215
2219
2220
2229
2230
2239
2240
2240
2244
2244
2245
2245
2249
2249
2250
2254
2255
2255
2264
2264
2265
2269
2270
2270
2274
2274
2275
2284
2285
2289
2290
2294
2295
2295
2309
2309
2310
2314
2315
2319
2320
2320
2324
2324
2325
2325
2329
2329
2330
2334
2335
2335
2344
2344
2345
2349
2350
2350
2354
2354
2355
2364
2365
2369
2370
2370
2374
2374
2375
2375
2384
2384
2385
2389
2390
2399
2400
2400
2404
2404
2405
2405
2409
2409
2410
2414
2415
2415
2424
2424
2425
2429
2430
2430
2434
2434
2435
2444
2445
2445
2449
2449
2450
2450
2464
2464
2465
2469
2470
2474
2475
2484
2485
2489
2490
2494
2495
2504
2505
2509
2510
2514
2515
2519
2520
2524
2525
2529
2530
2534
2535
2539
2540
2544
2545
2549
2550
2554
2555
2559
2560
2564
2565
2569
2570
2574
2575
2577
2577
2589
2590
2594
2595
2599
2600
2604
2605
2609
2610
2614
2615
2617
2617
2624
2625
2629
2630
2634
2635
2639
2640
2644
2645
2649
2650
2654
2655
2657
2657
2669
2670
2674
2675
2679
2680
2684
2685
2689
2690
2694
2695
2697
2697
2704
2705
2709
2710
2714
2715
2719
2720
2724
2725
2729
2730
2734
2735
2737
2737
2749
2750
2754
2755
2759
2760
2764
2765
2769
2770
2774
2775
2777
2777
2784
2785
2789
2790
2794
2795
2799
2800
2804
2805
2809
2810
2814
2815
2817
2817
2824
2825
2829
2830
2834
2835
2839
2840
2844
2845
2849
2850
2854
2855
2859
2860
2864
2865
2869
2870
2874
2875
2879
2880
2880
2884
2884
2885
2885
2889
2889
2890
2890
2894
2894
2895
2895
2897
2897
2897
2897
2909
2909
2910
2910
2914
2914
2915
2915
2919
2919
2920
2920
2924
2924
2925
2925
2929
2929
2930
2930
2934
2934
2935
2935
2937
2937
2937
2937
2944
2944
2945
2945
2949
2949
2950
2950
2954
2954
2955
2955
2955
2957
2957
2957
2959
2959
2960
2960
2962
2964
2965
2965
2967
2967
2969
2969
2970
2970
2972
2974
2975
2975
2977
2977
2977
2977
2979
2980
2982
2985
2987
2987
2989
2989
2990
2992
2995
2997
2997
2999
3000
3000
3004
3004
3005
3005
3009
3009
3010
3010
3014
3014
3015
3015
3017
3017
3017
3017
3020
3024
3024
3024
3025
3025
3029
3029
3030
3030
3034
3034
3035
3035
3039
3039
3040
3040
3044
3044
3045
3045
3049
3049
3050
3050
3054
3054
3055
3055
3057
3057
3057
3057
3069
3069
3070
3070
3074
3074
3075
3075
3079
3079
3080
3080
3084
3084
3085
3085
3089
3089
3090
3090
3094
3094
3095
3095
3097
3097
3097
3097
3104
3104
3105
3105
3109
3109
3110
3110
3114
3114
3115
3115
3115
3117
3117
3117
3117
3119
3120
3120
3122
3124
3125
3125
3127
3127
3129
3129
3130
3130
3132
3134
3135
3135
3137
3137
3137
3137
3139
3140
3142
3144
3145
3147
3147
3149
3150
3152
3155
3155
3157
3157
3159
3159
3160
3160
3164
3164
3165
3165
3169
3169
3170
3170
3174
3174
3175
3175
3179
3179
3180
3180
3184
3184
3185
3185
3189
3189
3190
3190
3194
3194
3195
3195
3199
3199
3200
3200
3209
3209
3210
3210
3217
3217
3217
3217
3224
3224
3225
3225
3229
3229
3230
3230
3234
3234
3235
3235
3239
3239
3240
3240
3249
3249
3250
3250
3257
3257
3257
3257
3264
3264
3265
3265
3269
3269
3270
3270
3274
3274
3275
3275
3279
3279
3280
3280
3289
3289
3290
3290
3297
3297
3297
3297
3304
3304
3305
3305
3309
3309
3310
3312
3312
3314
3315
3315
3319
3319
3320
3320
3329
3329
3330
3330
3337
3337
3337
3337
3344
3344
3345
3345
3349
3349
3350
3350
3354
3354
3355
3355
3359
3359
3360
3360
3369
3369
3370
3370
3377
3377
3377
3377
3384
3384
3385
3385
3389
3389
3390
3390
3394
3394
3395
3395
3399
3399
3400
3400
3409
3409
3410
3410
3417
3417
3417
3417
3424
3424
3425
3425
3429
3429
3430
3430
3434
3434
3435
3435
3439
3439
3440
3440
3449
3449
3450
3450
3457
3457
3457
3457
3464
3464
3465
3465
3469
3469
3470
3472
3472
3474
3475
3475
3479
3479
3480
3480
3489
3489
3490
3490
3497
3497
3497
3497
3504
3504
3505
3505
3509
3509
3510
3510
3514
3514
3515
3515
3519
3519
3520
3520
3529
3529
3530
3530
3537
3537
3537
3537
3544
3544
3545
3545
3549
3549
3550
3550
3554
3554
3555
3555
3559
3559
3560
3560
3569
3569
3570
3570
3577
3577
3577
3577
3584
3584
3585
3585
3589
3589
3590
3590
3594
3594
3595
3595
3599
3599
3600
3600
3609
3609
3610
3610
3617
3617
3617
3617
3624
3624
3625
3625
3629
3629
3630
3632
3632
3634
3635
3639
3640
3640
3649
3649
3650
3650
3657
3657
3657
3657
3664
3664
3665
3665
3669
3669
3670
3670
3674
3674
3675
3675
3675
3679
3680
3680
3689
3689
3690
3690
3697
3697
3697
3697
3704
3704
3705
3705
3709
3709
3710
3710
3714
3714
3715
3715
3719
3719
3720
3720
3729
3729
3730
3730
3737
3737
3737
3737
3744
3744
3745
3745
3749
3749
3750
3750
3754
3754
3755
3755
3759
3759
3760
3760
3769
3769
3770
3770
3777
3777
3777
3777
3784
3784
3785
3785
3789
3789
3790
3792
3792
3794
3795
3799
3800
3800
3809
3809
3810
3810
3817
3817
3817
3817
3824
3824
3825
3825
3829
3829
3830
3830
3834
3834
3835
3835
3839
3839
3840
3840
3840
3849
3849
3849
3850
3850
3850
3857
3857
3857
3857
3857
3857
3864
3864
3864
3865
3865
3865
3869
3869
3869
3870
3870
3870
3874
3874
3874
3875
3875
3875
3879
3879
3879
3880
3880
3880
3889
3889
3889
3890
3890
3890
3897
3897
3897
3897
3897
3897
3904
3904
3904
3905
3905
3905
3909
3909
3909
3910
3910
3910
3914
3914
3914
3915
3915
3915
3919
3919
3919
3920
3920
3920
3929
3929
3929
3930
3930
3930
3937
3937
3937
3937
3937
3937
3944
3944
3944
3945
3945
3945
3949
3949
3949
3950
3950
3952
3952
3952
3954
3955
3955
3959
3959
3960
3960
3960
3969
3969
3969
3970
3970
3970
3977
3977
3977
3977
3977
3977
3984
3984
3984
3985
3985
3985
3989
3989
3989
3990
3990
3990
3994
3994
3994
3995
3995
3995
3999
4000
4000
4000
4009
4009
4009
4010
4010
4010
4017
4017
4017
4017
4017
4017
4024
4024
4024
4025
4025
4025
4029
4029
4029
4030
4030
4030
4034
4034
4034
4035
4035
4035
4039
4039
4039
4040
4040
4040
4049
4049
4049
4050
4050
4050
4057
4057
4057
4057
4057
4057
4064
4064
4064
4065
4065
4065
4069
4069
4069
4070
4070
4070
4074
4074
4074
4075
4075
4075
4079
4079
4079
4080
4080
4080
4089
4089
4089
4090
4090
4090
4097
4097
4097
4097
4097
4097
4104
4104
4104
4105
4105
4105
4109
4109
4109
4110
4110
4112
4112
4112
4114
4115
4115
4119
4119
4120
4120
4120
4129
4129
4129
4130
4130
4130
4137
4137
4137
4137
4137
4137
4144
4144
4144
4145
4145
4149
4149
4150
4150
4154
4154
4155
4155
4159
4159
4160
4160
4164
4164
4165
4165
4169
4169
4170
4174
4175
4175
4184
4184
4185
4189
4190
4190
4194
4194
4195
4204
4205
4209
4210
4214
4215
4215
4229
4229
4230
4234
4235
4239
4240
4240
4244
4244
4245
4245
4249
4249
4250
4254
4255
4255
4264
4264
4265
4269
4270
4270
4274
4274
4275
4284
4285
4289
4290
4290
4294
4294
4295
4295
4304
4304
4305
4309
4310
4319
4320
4320
4324
4324
4325
4325
4329
4329
4330
4334
4335
4335
4344
4344
4345
4349
4350
4350
4354
4354
4355
4364
4365
4365
4369
4369
4370
4370
4384
4384
4385
4389
4390
4394
4395
4404
4405
4409
4410
4414
4415
4424
4425
4429
4430
4434
4435
4439
4440
4444
4445
4449
4450
4454
4455
4459
4460
4464
4465
4469
4470
4474
4475
4519
0
0
39
39
40
40
79
79
80
80
119
119
120
120
135
159
160
160
199
199
200
200
239
239
240
240
279
279
280
280
319
319
320
320
327
327
327
327
334
334
335
335
344
344
345
345
359
359
360
360
367
367
367
367
374
374
375
375
384
384
385
385
399
399
400
400
407
407
407
407
414
414
415
415
424
424
425
425
439
439
440
440
447
447
447
447
454
454
455
455
464
464
465
465
479
479
480
480
487
487
487
487
494
494
495
495
504
504
505
505
519
519
520
520
527
527
527
527
534
534
535
535
544
544
545
545
559
559
560
560
567
567
567
567
574
574
575
575
584
584
585
585
599
599
600
600
607
607
607
607
614
614
615
615
624
624
625
625
639
639
640
644
645
649
650
654
655
659
660
661
662
669
669
669
670
679
680
684
685
689
690
694
695
699
700
701
702
709
709
709
710
719
720
724
725
729
730
734
735
739
740
741
742
749
749
749
750
759
760
764
765
769
770
774
775
779
780
781
782
789
789
789
790
799
800
804
805
809
810
814
815
819
820
821
822
829
829
829
830
839
840
844
845
849
850
854
855
859
860
861
862
869
869
869
870
879
880
884
885
889
890
894
895
899
900
901
902
909
909
909
910
919
920
924
925
929
930
934
935
939
940
940
940
949
949
949
950
950
950
959
959
959
960
964
965
965
969
970
970
970
974
975
975
975
979
980
980
980
981
982
989
989
989
990
990
990
995
995
999
1000
1000
1000
1004
1005
1005
1005
1009
1010
1010
1010
1014
1015
1019
1020
1021
1022
1025
1025
1029
1029
1029
1030
1030
1030
1035
1035
1039
1040
1044
1045
1045
1045
1049
1050
1050
1050
1054
1055
1055
1055
1059
1060
1061
1062
1065
1065
1069
1069
1069
1070
1070
1070
1075
1075
1079
1080
1084
1085
1085
1085
1089
1090
1090
1090
1094
1095
1095
1095
1099
1100
1101
1102
1105
1105
1109
1109
1109
1110
1110
1110
1119
1120
1120
1124
1125
1125
1129
1130
1130
1130
1134
1135
1135
1135
1139
1140
1140
1140
1141
1142
1149
1149
1149
1150
1150
1150
1155
1155
1159
1160
1160
1160
1164
1165
1165
1165
1169
1170
1170
1170
1174
1175
1179
1180
1181
1182
1185
1185
1189
1189
1189
1190
1190
1190
1195
1195
1199
1200
1204
1205
1205
1205
1209
1210
1210
1210
1214
1215
1215
1215
1219
1220
1221
1222
1225
1225
1229
1229
1229
1230
1230
1230
1235
1235
1239
1240
1244
1245
1245
1245
1249
1250
1250
1250
1254
1255
1255
1255
1259
1260
1260
1260
1260
1260
1269
1269
1269
1270
1270
1270
1270
1270
1279
1279
1279
1280
1280
1280
1285
1285
1289
1290
1290
1290
1290
1290
1295
1295
1297
1297
1297
1297
1297
1297
1299
1300
1304
1305
1309
1310
1310
1310
1310
1315
1315
1319
1319
1320
1320
1320
1325
1325
1329
1330
1330
1330
1330
1330
1335
1335
1337
1337
1337
1337
1337
1337
1339
1340
1344
1345
1345
1345
1349
1350
1350
1350
1350
1354
1354
1355
1355
1355
1355
1359
1359
1360
1360
1360
1365
1365
1369
1370
1370
1370
1370
1370
1375
1375
1377
1377
1377
1377
1377
1377
1379
1380
1384
1385
1389
1390
1390
1390
1390
1395
1395
1399
1399
1400
1400
1400
1405
1405
1409
1410
1410
1410
1410
1410
1415
1415
1417
1417
1417
1417
1417
1417
1419
1420
1424
1425
1425
1425
1429
1430
1430
1430
1430
1434
1434
1435
1435
1435
1435
1439
1439
1440
1440
1440
1445
1445
1449
1450
1450
1450
1450
1450
1455
1455
1457
1457
1457
1457
1457
1457
1459
1460
1464
1465
1469
1470
1470
1470
1470
1475
1475
1479
1479
1480
1480
1480
1485
1485
1489
1490
1490
1490
1490
1490
1495
1495
1497
1497
1497
1497
1497
1497
1499
1500
1504
1505
1505
1505
1509
1510
1510
1510
1510
1514
1514
1515
1515
1515
1515
1519
1519
1520
1520
1520
1525
1525
1529
1530
1530
1530
1530
1530
1535
1535
1537
1537
1537
1537
1537
1537
1539
1540
1544
1545
1549
1550
1550
1550
1550
1555
1555
1559
1559
1560
1560
1560
1565
1565
1569
1570
1570
1570
1570
1570
1575
1575
1577
1577
1577
1577
1579
1580
1580
1580
1584
1585
1585
1585
1589
1590
1590
1590
1590
1594
1594
1595
1595
1595
1595
1599
1599
1600
1600
1609
1610
1610
1610
1617
1617
1617
1617
1619
1620
1624
1625
1629
1630
1630
1639
1639
1640
1649
1650
1650
1650
1657
1657
1657
1657
1659
1660
1664
1665
1669
1670
1670
1674
1674
1675
1675
1679
1679
1680
1689
1690
1690
1690
1697
1697
1697
1697
1699
1700
1704
1705
1709
1710
1710
1719
1719
1720
1729
1730
1730
1730
1737
1737
1737
1737
1739
1740
1744
1745
1749
1750
1750
1754
1754
1755
1755
1759
1759
1760
1769
1770
1770
1770
1777
1777
1777
1777
1779
1780
1784
1785
1789
1790
1790
1799
1799
1800
1809
1810
1810
1810
1817
1817
1817
1817
1819
1820
1824
1825
1829
1830
1830
1834
1834
1835
1835
1839
1839
1840
1849
1850
1850
1850
1857
1857
1857
1857
1859
1860
1864
1865
1869
1870
1870
1879
1879
1880
1889
1890
1890
1890
1897
1897
1897
1897
1899
1900
1904
1905
1909
1910
1910
1914
1914
1915
1915
1919
1919
1920
1920
1939
1939
1940
1959
1960
1960
1979
1979
1980
1999
2000
2000
2019
2019
2020
2039
2040
2040
2055
2059
2060
2079
2080
2080
2099
2099
2100
2119
2120
2120
2139
2139
2140
2159
2160
2160
2179
2179
2180
2199
2200
2200
2219
2219
2220
2239
2240
2240
2259
2259
2260
2279
2280
2280
2299
2299
2300
2319
2320
2320
2339
2339
2340
2359
2360
2360
2375
2379
2380
2399
2400
2400
2419
2419
2420
2439
2440
2440
2459
2459
2460
2479
2480
2480
2499
2499
2500
2519
2520
2520
2539
2539
2540
2559
2560
2560
2567
2567
2567
2567
2574
2574
2575
2575
2584
2584
2585
2585
2599
2599
2600
2600
2607
2607
2607
2607
2614
2614
2615
2615
2624
2624
2625
2625
2639
2639
2640
2640
2647
2647
2647
2647
2654
2654
2655
2655
2664
2664
2665
2665
2679
2679
2680
2680
2687
2687
2687
2687
2694
2694
2695
2695
2704
2704
2705
2705
2719
2719
2720
2720
2727
2727
2727
2727
2734
2734
2735
2735
2744
2744
2745
2745
2759
2759
2760
2760
2767
2767
2767
2767
2774
2774
2775
2775
2784
2784
2785
2785
2799
2799
2800
2800
2807
2807
2807
2807
2814
2814
2815
2815
2824
2824
2825
2825
2839
2839
2840
2840
2840
2842
2842
2845
2845
2847
2847
2847
2847
2847
2847
2850
2850
2852
2852
2854
2854
2855
2855
2855
2855
2857
2857
2860
2860
2862
2862
2864
2864
2865
2865
2865
2865
2867
2867
2870
2870
2872
2872
2875
2875
2877
2877
2879
2879
2880
2880
2880
2880
2887
2887
2887
2887
2894
2894
2895
2895
2904
2904
2905
2905
2919
2919
2920
2920
2920
2927
2927
2927
2927
2934
2934
2935
2935
2944
2944
2945
2945
2959
2959
2960
2960
2967
2967
2967
2967
2974
2974
2975
2975
2984
2984
2985
2985
2999
2999
3000
3000
3007
3007
3007
3007
3014
3014
3015
3015
3024
3024
3025
3025
3039
3039
3040
3040
3047
3047
3047
3047
3054
3054
3055
3055
3064
3064
3065
3065
3079
3079
3080
3080
3087
3087
3087
3087
3094
3094
3095
3095
3104
3104
3105
3105
3119
3119
3120
3120
3127
3127
3127
3127
3134
3134
3135
3135
3144
3144
3145
3145
3159
3159
3160
3160
3164
3164
3165
3165
3169
3169
3170
3170
3174
3174
3175
3175
3179
3179
3180
3180
3184
3184
3185
3185
3189
3189
3190
3190
3194
3194
3195
3195
3199
3199
3200
3209
3210
3210
3210
3217
3217
3217
3217
3219
3220
3224
3225
3229
3230
3230
3239
3239
3240
3249
3250
3250
3250
3257
3257
3257
3257
3259
3260
3264
3265
3269
3270
3270
3274
3274
3275
3275
3279
3279
3280
3289
3290
3290
3290
3297
3297
3297
3297
3299
3300
3304
3305
3309
3310
3310
3319
3319
3320
3329
3330
3330
3330
3337
3337
3337
3337
3339
3340
3344
3345
3349
3350
3350
3354
3354
3355
3355
3359
3359
3360
3369
3370
3370
3370
3377
3377
3377
3377
3379
3380
3384
3385
3389
3390
3390
3399
3399
3400
3409
3410
3410
3410
3417
3417
3417
3417
3419
3420
3424
3425
3429
3430
3430
3434
3434
3435
3435
3439
3439
3440
3449
3450
3450
3450
3457
3457
3457
3457
3459
3460
3464
3465
3469
3470
3470
3479
3479
3480
3480
3482
3482
3485
3485
3487
3487
3489
3490
3490
3490
3490
3490
3492
3492
3495
3495
3497
3497
3497
3497
3497
3497
3499
3500
3500
3500
3502
3502
3504
3505
3505
3505
3507
3507
3509
3510
3510
3510
3510
3512
3512
3514
3514
3515
3515
3515
3515
3517
3517
3519
3519
3520
3520
3520
3520
3522
3529
3530
3530
3530
3530
3532
3537
3537
3537
3537
3537
3539
3540
3540
3544
3545
3545
3547
3549
3550
3550
3550
3552
3555
3557
3559
3559
3560
3560
3560
3562
3569
3570
3570
3570
3570
3572
3577
3577
3577
3577
3577
3579
3580
3580
3584
3585
3585
3587
3589
3590
3590
3590
3592
3594
3594
3595
3595
3595
3597
3599
3599
3600
3600
3602
3609
3610
3610
3610
3610
3612
3617
3617
3617
3617
3617
3619
3620
3620
3624
3625
3625
3629
3630
3630
3630
3630
3632
3632
3635
3635
3637
3639
3639
3640
3640
3642
3649
3650
3650
3650
3650
3652
3657
3657
3657
3657
3657
3659
3660
3660
3664
3665
3665
3667
3669
3670
3670
3670
3672
3674
3674
3675
3675
3675
3677
3679
3679
3680
3680
3682
3689
3690
3690
3690
3690
3692
3697
3697
3697
3697
3697
3699
3700
3700
3704
3705
3705
3707
3709
3710
3710
3710
3712
3715
3717
3719
3719
3720
3720
3722
3729
3730
3730
3730
3730
3732
3737
3737
3737
3737
3737
3739
3740
3740
3744
3745
3745
3747
3749
3750
3750
3750
3752
3754
3754
3755
3755
3755
3757
3759
3759
3760
3760
3762
3769
3770
3770
3770
3770
3772
3777
3777
3777
3777
3777
3779
3780
3780
3784
3785
3785
3789
3790
3790
3790
3790
3792
3792
3795
3795
3797
3799
3799
3800
3800
3802
3809
3810
3810
3810
3810
3812
3817
3817
3817
3817
3817
3819
3820
3820
3824
3825
3825
3827
3829
3830
3830
3830
3832
3834
3834
3835
3835
3835
3837
3839
3839
3840
3840
3840
3842
3842
3849
3850
3850
3850
3850
3850
3852
3852
3857
3857
3857
3857
3857
3857
3859
3860
3860
3860
3864
3865
3865
3865
3867
3867
3869
3870
3870
3870
3870
3872
3872
3875
3875
3877
3877
3879
3879
3880
3880
3880
3882
3882
3889
3890
3890
3890
3890
3890
3892
3892
3897
3897
3897
3897
3897
3897
3899
3900
3900
3900
3904
3905
3905
3905
3907
3907
3909
3910
3910
3910
3910
3912
3912
3914
3914
3915
3915
3915
3915
3917
3917
3919
3919
3920
3920
3920
3922
3922
3929
3930
3930
3930
3930
3930
3932
3932
3937
3937
3937
3937
3937
3937
3939
3940
3940
3940
3944
3945
3945
3945
3949
3950
3950
3950
3950
3950
3950
3952
3952
3952
3952
3955
3955
3955
3955
3957
3957
3959
3959
3960
3960
3960
3962
3962
3969
3970
3970
3970
3970
3970
3972
3972
3977
3977
3977
3977
3977
3977
3979
3980
3980
3980
3984
3985
3985
3985
3987
3987
3989
3990
3990
3990
3990
3992
3992
3994
3994
3995
3995
3995
3995
3997
3997
3999
3999
4000
4000
4000
4002
4002
4009
4010
4010
4010
4010
4010
4012
4012
4017
4017
4017
4017
4017
4017
4019
4020
4020
4020
4024
4025
4025
4025
4027
4027
4029
4030
4030
4030
4030
4032
4032
4035
4035
4037
4037
4039
4039
4040
4040
4040
4042
4042
4049
4050
4050
4050
4050
4050
4052
4052
4057
4057
4057
4057
4057
4057
4059
4060
4060
4060
4064
4065
4065
4065
4067
4067
4069
4070
4070
4070
4070
4072
4072
4074
4074
4075
4075
4075
4075
4077
4077
4079
4079
4080
4080
4080
4082
4082
4089
4090
4090
4090
4090
4090
4092
4092
4097
4097
4097
4097
4097
4097
4099
4100
4100
4100
4104
4105
4105
4105
4109
4110
4110
4110
4110
4110
4110
4112
4112
4112
4112
4115
4115
4115
4115
4117
4117
4119
4119
4120
4120
4120
4122
4122
4129
4130
4130
4130
4130
4130
4132
4132
4137
4137
4137
4137
4137
4137
4139
4140
4140
4140
4144
4145
4145
4145
4147
4147
4149
4150
4150
4150
4150
4152
4152
4154
4154
4155
4155
4155
4155
4157
4157
4159
4159
4160
4160
4179
4179
4180
4199
4200
4200
4219
4219
4220
4239
4240
4240
4259
4259
4260
4279
4280
4280
4295
4299
4300
4319
4320
4320
4339
4339
4340
4359
4360
4360
4379
4379
4380
4399
4400
4400
4419
4419
4420
4439
4440
4440
4459
4459
4460
4519
280
282
290
292
300
300
302
302
305
305
307
307
310
310
312
312
312
312
315
315
315
315
317
317
317
317
320
320
320
330
330
332
340
350
350
352
360
362
370
372
380
382
390
392
400
402
410
412
420
422
430
432
440
442
450
452
460
462
470
472
480
482
490
492
500
502
510
512
520
522
530
532
540
542
550
552
560
562
570
572
580
582
590
592
600
602
610
612
620
622
625
627
630
632
635
635
635
636
637
640
640
642
650
652
660
662
670
672
680
680
682
690
690
692
700
702
710
712
720
722
730
732
740
742
750
752
760
760
762
770
770
772
780
782
790
792
800
802
810
812
820
822
830
832
840
840
842
850
850
852
860
862
870
872
880
882
890
892
900
902
910
912
920
920
922
930
930
932
940
942
950
952
955
957
957
960
960
960
965
970
970
975
975
980
985
990
990
1000
1000
1000
1005
1010
1010
1015
1015
1020
1025
1030
1030
1040
1040
1040
1045
1050
1050
1055
1055
1060
1065
1070
1070
1080
1080
1080
1085
1090
1090
1095
1095
1100
1100
1105
1110
1110
1110
1120
1120
1120
1125
1130
1130
1135
1135
1140
1140
1145
1150
1150
1150
1160
1160
1160
1162
1165
1170
1170
1172
1175
1175
1180
1180
1182
1185
1190
1190
1190
1192
1195
1197
1200
1200
1200
1202
1205
1205
1207
1210
1210
1212
1215
1215
1215
1217
1220
1220
1222
1222
1225
1225
1225
1227
1227
1230
1230
1230
1232
1232
1235
1240
1240
1242
1242
1245
1247
1250
1250
1252
1252
1255
1255
1257
1257
1257
1257
1260
1260
1262
1262
1265
1265
1265
1265
1267
1267
1267
1267
1270
1270
1270
1270
1272
1272
1275
1275
1277
1277
1277
1277
1280
1280
1280
1290
1297
1300
1300
1300
1305
1307
1310
1320
1320
1328
1329
1337
1339
1339
1344
1347
1349
1359
1359
1362
1369
1377
1379
1379
1384
1387
1389
1399
1399
1402
1409
1417
1419
1419
1424
1427
1429
1439
1440
1442
1450
1457
1460
1460
1465
1467
1470
1480
1480
1482
1490
1497
1500
1500
1505
1507
1510
1520
1520
1522
1530
1537
1540
1540
1545
1547
1550
1560
1560
1562
1570
1577
1580
1580
1585
1587
1590
1600
1600
1600
1602
1602
1602
1605
1605
1607
1607
1610
1610
1610
1612
1612
1615
1615
1617
1617
1617
1620
1620
1620
1620
1622
1622
1625
1625
1625
1627
1627
1627
1630
1630
1630
1632
1632
1635
1635
1637
1637
1640
1640
1640
1640
1642
1642
1642
1645
1645
1647
1647
1650
1650
1650
1652
1652
1655
1655
1657
1657
1657
1660
1660
1660
1660
1662
1662
1665
1665
1665
1667
1667
1667
1670
1670
1670
1672
1672
1675
1675
1677
1677
1680
1680
1680
1680
1682
1682
1682
1685
1685
1687
1687
1690
1690
1690
1692
1692
1695
1695
1697
1697
1697
1700
1700
1700
1700
1702
1702
1705
1705
1705
1707
1707
1707
1710
1710
1710
1712
1712
1715
1715
1717
1717
1720
1720
1720
1720
1722
1722
1722
1725
1725
1727
1727
1730
1730
1730
1732
1732
1735
1735
1737
1737
1737
1740
1740
1740
1740
1742
1742
1745
1745
1745
1747
1747
1747
1750
1750
1750
1752
1752
1755
1755
1757
1757
1760
1760
1760
1760
1762
1762
1762
1765
1765
1767
1767
1770
1770
1770
1772
1772
1775
1775
1777
1777
1777
1780
1780
1780
1780
1782
1782
1785
1785
1785
1787
1787
1787
1790
1790
1790
1792
1792
1795
1795
1797
1797
1800
1800
1800
1800
1802
1802
1802
1805
1805
1807
1807
1810
1810
1810
1812
1812
1815
1815
1817
1817
1817
1820
1820
1820
1820
1822
1822
1825
1825
1825
1827
1827
1827
1830
1830
1830
1832
1832
1835
1835
1837
1837
1840
1840
1840
1840
1842
1842
1842
1845
1845
1847
1847
1850
1850
1850
1852
1852
1855
1855
1857
1857
1857
1860
1860
1860
1860
1862
1862
1865
1865
1865
1867
1867
1867
1870
1870
1870
1872
1872
1875
1875
1877
1877
1880
1880
1880
1880
1882
1882
1882
1885
1885
1887
1887
1890
1890
1890
1892
1892
1895
1895
1897
1897
1897
1900
1900
1900
1900
1902
1902
1905
1905
1905
1905
1907
1907
1907
1907
1910
1910
1910
1910
1910
1912
1912
1912
1912
1915
1915
1915
1915
1915
1917
1917
1917
1917
1920
1920
1920
1920
1954
2199
2202
2209
2212
2219
2219
2222
2222
2224
2224
2227
2227
2229
2229
2232
2232
2232
2232
2234
2234
2234
2234
2237
2237
2237
2237
2239
2239
2239
2249
2249
2252
2259
2269
2269
2272
2279
2282
2289
2292
2299
2302
2309
2312
2319
2322
2329
2332
2339
2342
2349
2352
2359
2362
2369
2372
2379
2382
2389
2392
2399
2402
2409
2412
2419
2422
2429
2432
2439
2442
2449
2452
2459
2462
2469
2472
2479
2482
2489
2492
2499
2502
2509
2512
2519
2522
2529
2532
2539
2542
2544
2547
2549
2552
2552
2554
2554
2556
2557
2559
2559
2562
2569
2572
2579
2582
2589
2592
2599
2599
2602
2609
2609
2612
2619
2622
2629
2632
2639
2642
2649
2652
2659
2662
2669
2672
2679
2679
2682
2689
2689
2692
2699
2702
2709
2712
2719
2722
2729
2732
2739
2742
2749
2752
2759
2759
2762
2769
2769
2772
2779
2782
2789
2792
2799
2802
2809
2812
2819
2822
2829
2832
2839
2839
2842
2849
2849
2852
2859
2862
2869
2872
2874
2877
2877
2879
2879
2879
2884
2889
2889
2894
2894
2899
2904
2909
2909
2919
2919
2919
2924
2929
2929
2934
2934
2939
2944
2949
2949
2959
2959
2959
2964
2969
2969
2974
2974
2979
2984
2989
2989
2999
2999
2999
3004
3009
3009
3014
3014
3019
3019
3024
3029
3029
3029
3039
3039
3039
3044
3049
3049
3054
3054
3059
3059
3064
3069
3069
3069
3079
3079
3079
3082
3084
3089
3089
3092
3094
3094
3099
3099
3102
3104
3104
3106
3109
3109
3109
3112
3114
3116
3119
3119
3119
3122
3124
3124
3127
3129
3129
3131
3134
3134
3134
3136
3139
3139
3142
3142
3144
3144
3144
3147
3147
3149
3149
3149
3151
3151
3154
3159
3159
3162
3162
3165
3167
3169
3169
3172
3172
3174
3174
3177
3177
3177
3177
3179
3179
3182
3182
3184
3184
3184
3184
3187
3187
3187
3187
3189
3189
3189
3189
3192
3192
3194
3194
3197
3197
3197
3197
3199
3199
3199
3200
3200
3210
3217
3220
3220
3220
3225
3227
3230
3240
3240
3242
3249
3257
3259
3259
3264
3267
3269
3279
3279
3282
3289
3297
3299
3299
3304
3307
3309
3319
3319
3322
3329
3337
3339
3339
3344
3347
3349
3359
3360
3362
3370
3377
3380
3380
3385
3387
3390
3400
3400
3402
3410
3417
3420
3420
3425
3427
3430
3440
3440
3442
3450
3457
3460
3460
3465
3467
3470
3480
3480
3482
3490
3497
3500
3500
3505
3507
3510
3520
3520
3522
3530
3537
3540
3540
3545
3547
3550
3560
3560
3562
3570
3577
3580
3580
3585
3587
3590
3600
3600
3602
3610
3617
3620
3620
3625
3627
3630
3640
3640
3642
3650
3657
3660
3660
3665
3667
3670
3680
3680
3682
3690
3697
3700
3700
3705
3707
3710
3720
3720
3722
3730
3737
3740
3740
3745
3747
3750
3760
3760
3762
3770
3777
3780
3780
3785
3787
3790
3800
3800
3802
3810
3817
3820
3820
3825
3825
3827
3827
3830
3830
3830
3832
3832
3835
3835
3835
3837
3837
3840
3840
3842
3842
3842
3845
3845
3847
3847
3850
3850
3850
3852
3852
3855
3855
3857
3857
3857
3860
3860
3860
3860
3862
3862
3865
3865
3865
3867
3867
3867
3870
3870
3870
3872
3872
3875
3875
3877
3877
3880
3880
3880
3880
3882
3882
3882
3885
3885
3887
3887
3890
3890
3890
3892
3892
3895
3895
3897
3897
3897
3900
3900
3900
3900
3902
3902
3905
3905
3905
3907
3907
3907
3910
3910
3910
3912
3912
3915
3915
3917
3917
3920
3920
3920
3920
3922
3922
3922
3925
3925
3927
3927
3930
3930
3930
3932
3932
3935
3935
3937
3937
3937
3940
3940
3940
3940
3942
3942
3945
3945
3945
3947
3947
3947
3950
3950
3950
3952
3952
3955
3955
3957
3957
3960
3960
3960
3960
3962
3962
3962
3965
3965
3967
3967
3970
3970
3970
3972
3972
3975
3975
3977
3977
3977
3980
3980
3980
3980
3982
3982
3985
3985
3985
3987
3987
3987
3990
3990
3990
3992
3992
3995
3995
3997
3997
4000
4000
4000
4000
4002
4002
4002
4005
4005
4007
4007
4010
4010
4010
4012
4012
4015
4015
4017
4017
4017
4020
4020
4020
4020
4022
4022
4025
4025
4025
4027
4027
4027
4030
4030
4030
4032
4032
4035
4035
4037
4037
4040
4040
4040
4040
4042
4042
4042
4045
4045
4047
4047
4050
4050
4050
4052
4052
4055
4055
4057
4057
4057
4060
4060
4060
4060
4062
4062
4065
4065
4065
4067
4067
4067
4070
4070
4070
4072
4072
4075
4075
4077
4077
4080
4080
4080
4080
4082
4082
4082
4085
4085
4087
4087
4090
4090
4090
4092
4092
4095
4095
4097
4097
4097
4100
4100
4100
4100
4102
4102
4105
4105
4105
4107
4107
4107
4110
4110
4110
4112
4112
4115
4115
4117
4117
4120
4120
4120
4120
4122
4122
4122
4125
4125
4127
4127
4130
4130
4130
4132
4132
4135
4135
4137
4137
4137
4140
4140
4140
4140
4142
4142
4145
4145
4145
4145
4147
4147
4147
4147
4150
4150
4150
4150
4150
4152
4152
4152
4152
4155
4155
4155
4155
4155
4157
4157
4157
4157
4160
4160
4200
640
680
720
760
800
840
880
921
2560
2600
2640
2680
2720
2760
2800
2841
