time	track	channel	pitch	volume	instrument
0	1	1	93	120	0
0	2	2	53	120	0
0	2	2	60	120	0
3	1	1	91	120	0
6	1	1	88	120	0
9	1	1	86	120	0
12	1	1	88	120	0
18	1	1	91	120	0
21	1	1	88	120	0
24	1	1	86	120	0
24	2	2	55	120	0
24	2	2	62	120	0
30	1	1	88	120	0
33	1	1	86	120	0
36	1	1	84	120	0
42	1	1	86	120	0
45	1	1	84	120	0
48	1	1	83	120	0
48	2	2	52	120	0
48	2	2	59	120	0
60	1	1	84	120	0
66	1	1	83	120	0
72	1	1	81	120	0
72	2	2	57	120	0
72	2	2	52	120	0
84	1	1	76	120	0
90	1	1	81	120	0
93	1	1	84	120	0
96	1	1	93	120	0
96	2	2	60	120	0
96	2	2	53	120	0
99	1	1	91	120	0
102	1	1	88	120	0
105	1	1	86	120	0
108	1	1	88	120	0
114	1	1	91	120	0
117	1	1	88	120	0
120	1	1	95	120	0
120	2	2	55	120	0
120	2	2	59	120	0
126	1	1	96	120	0
129	1	1	100	120	0
132	1	1	95	120	0
138	1	1	93	120	0
141	1	1	91	120	0
144	1	1	88	120	0
144	2	2	57	120	0
144	2	2	52	120	0
156	1	1	91	120	0
156	1	1	79	120	0
162	1	1	86	120	0
162	1	1	98	120	0
168	1	1	97	120	0
168	1	1	85	120	0
168	2	2	61	120	0
168	2	2	57	120	0
180	1	1	95	120	0
186	1	1	93	120	0
189	1	1	95	120	0
192	1	1	96	120	0
192	2	2	41	120	0
195	1	1	95	120	0
198	1	1	91	120	0
198	2	2	48	120	0
201	1	1	88	120	0
204	1	1	86	120	0
204	2	2	57	120	0
210	1	1	84	120	0
210	2	2	48	120	0
213	1	1	88	120	0
216	1	1	83	120	0
216	2	2	43	120	0
219	1	1	81	120	0
222	1	1	84	120	0
222	2	2	50	120	0
225	1	1	88	120	0
228	1	1	83	120	0
228	2	2	59	120	0
231	1	1	79	120	0
234	1	1	83	120	0
234	2	2	50	120	0
237	1	1	84	120	0
240	1	1	83	120	0
240	2	2	45	120	0
243	1	1	81	120	0
246	1	1	84	120	0
246	2	2	52	120	0
249	1	1	81	120	0
252	1	1	86	120	0
252	2	2	60	120	0
255	1	1	84	120	0
258	1	1	81	120	0
258	2	2	52	120	0
261	1	1	79	120	0
264	1	1	76	120	0
264	2	2	45	120	0
267	1	1	79	120	0
270	1	1	81	120	0
270	2	2	52	120	0
273	1	1	76	120	0
276	1	1	72	120	0
276	2	2	43	120	0
279	1	1	74	120	0
282	1	1	76	120	0
282	2	2	50	120	0
285	1	1	71	120	0
288	1	1	69	120	0
288	2	2	41	120	0
291	1	1	72	120	0
294	1	1	79	120	0
294	2	2	48	120	0
297	1	1	72	120	0
300	1	1	81	120	0
300	1	1	72	120	0
300	2	2	57	120	0
306	1	1	71	120	0
306	1	1	79	120	0
306	2	2	48	120	0
309	1	1	76	120	0
309	1	1	69	120	0
312	1	1	69	120	0
312	2	2	43	120	0
315	1	1	72	120	0
318	1	1	79	120	0
318	2	2	50	120	0
321	1	1	72	120	0
324	1	1	83	120	0
324	1	1	76	120	0
324	2	2	59	120	0
330	1	1	74	120	0
330	1	1	81	120	0
330	2	2	50	120	0
336	1	1	80	120	0
336	1	1	68	120	0
336	1	1	76	120	0
336	2	2	40	120	0
342	1	1	76	120	0
342	2	2	47	120	0
348	1	1	80	120	0
348	1	1	68	120	0
348	1	1	76	120	0
348	2	2	56	120	0
354	1	1	76	120	0
354	2	2	47	120	0
360	1	1	69	120	0
360	1	1	74	120	0
360	1	1	81	120	0
360	2	2	56	120	0
366	1	1	76	120	0
366	2	2	47	120	0
372	1	1	81	120	0
372	1	1	73	120	0
372	2	2	57	120	0
375	1	1	76	120	0
378	1	1	81	120	0
378	2	2	48	120	0
381	1	1	84	120	0
384	1	1	81	120	0
384	2	2	41	120	0
387	1	1	79	120	0
390	1	1	76	120	0
390	2	2	48	120	0
393	1	1	74	120	0
396	1	1	76	120	0
396	2	2	57	120	0
402	1	1	79	120	0
402	2	2	48	120	0
405	1	1	76	120	0
408	1	1	74	120	0
408	2	2	43	120	0
414	1	1	76	120	0
414	2	2	50	120	0
417	1	1	74	120	0
420	1	1	72	120	0
420	2	2	59	120	0
426	1	1	74	120	0
426	2	2	50	120	0
429	1	1	72	120	0
432	1	1	79	120	0
432	1	1	71	120	0
432	2	2	40	120	0
438	2	2	47	120	0
444	1	1	81	120	0
444	1	1	72	120	0
444	2	2	55	120	0
450	1	1	71	120	0
450	1	1	79	120	0
450	2	2	47	120	0
456	1	1	76	120	0
456	1	1	69	120	0
456	2	2	45	120	0
462	2	2	52	120	0
468	1	1	64	120	0
468	2	2	57	120	0
474	1	1	69	120	0
474	2	2	52	120	0
477	1	1	72	120	0
480	1	1	81	120	0
480	2	2	41	120	0
483	1	1	79	120	0
486	1	1	76	120	0
486	2	2	48	120	0
489	1	1	74	120	0
492	1	1	76	120	0
492	2	2	57	120	0
498	1	1	79	120	0
498	2	2	48	120	0
501	1	1	76	120	0
504	1	1	83	120	0
504	2	2	43	120	0
510	1	1	84	120	0
510	2	2	50	120	0
513	1	1	88	120	0
516	1	1	83	120	0
516	2	2	59	120	0
522	1	1	81	120	0
522	2	2	50	120	0
525	1	1	79	120	0
528	1	1	76	120	0
528	2	2	40	120	0
534	2	2	47	120	0
540	1	1	79	120	0
540	1	1	67	120	0
540	2	2	55	120	0
546	1	1	86	120	0
546	1	1	74	120	0
546	2	2	47	120	0
552	1	1	85	120	0
552	1	1	73	120	0
552	2	2	56	120	0
558	2	2	47	120	0
564	1	1	83	120	0
564	2	2	59	120	0
570	1	1	81	120	0
570	2	2	47	120	0
573	1	1	83	120	0
576	1	1	84	120	0
576	2	2	41	120	0
579	1	1	83	120	0
582	1	1	79	120	0
582	2	2	48	120	0
585	1	1	76	120	0
588	1	1	74	120	0
588	2	2	57	120	0
594	1	1	72	120	0
594	2	2	48	120	0
597	1	1	76	120	0
600	1	1	71	120	0
600	2	2	43	120	0
606	1	1	72	120	0
606	2	2	50	120	0
609	1	1	76	120	0
612	1	1	69	120	0
612	2	2	59	120	0
618	1	1	71	120	0
618	2	2	50	120	0
621	1	1	72	120	0
624	1	1	71	120	0
624	2	2	45	120	0
627	1	1	74	120	0
630	1	1	76	120	0
630	2	2	52	120	0
633	1	1	81	120	0
636	1	1	84	120	0
636	2	2	60	120	0
642	1	1	80	120	0
642	2	2	52	120	0
648	1	1	81	120	0
648	2	2	45	120	0
651	1	1	84	120	0
654	1	1	87	120	0
654	2	2	52	120	0
657	1	1	88	120	0
660	1	1	93	120	0
660	2	2	43	120	0
666	1	1	88	120	0
666	2	2	50	120	0
672	1	1	95	120	0
672	2	2	41	120	0
675	1	1	95	120	0
676	1	1	93	120	0
678	1	1	88	120	0
678	2	2	48	120	0
681	1	1	86	120	0
684	1	1	84	120	0
684	2	2	57	120	0
687	1	1	83	120	0
690	1	1	81	120	0
690	2	2	48	120	0
693	1	1	76	120	0
696	1	1	95	120	0
696	2	2	43	120	0
699	1	1	93	120	0
702	1	1	91	120	0
702	2	2	50	120	0
705	1	1	88	120	0
708	1	1	86	120	0
708	2	2	59	120	0
711	1	1	84	120	0
714	1	1	83	120	0
714	2	2	50	120	0
717	1	1	81	120	0
720	1	1	81	120	0
720	1	1	76	120	0
720	1	1	85	120	0
720	2	2	45	120	0
726	2	2	52	120	0
732	2	2	61	120	0
738	1	1	81	120	0
738	2	2	52	120	0
744	1	1	74	120	0
744	1	1	76	120	0
744	2	2	61	120	0
747	1	1	72	120	0
750	1	1	71	120	0
750	2	2	52	120	0
753	1	1	69	120	0
756	1	1	72	120	0
756	2	2	61	120	0
759	1	1	71	120	0
762	1	1	64	120	0
762	2	2	52	120	0
768	1	1	81	120	0
768	1	1	69	120	0
768	2	2	41	120	0
771	1	1	79	120	0
771	1	1	67	120	0
774	1	1	76	120	0
774	1	1	64	120	0
774	2	2	48	120	0
777	1	1	62	120	0
777	1	1	74	120	0
780	1	1	76	120	0
780	1	1	64	120	0
780	2	2	57	120	0
786	1	1	67	120	0
786	1	1	79	120	0
786	2	2	48	120	0
789	1	1	76	120	0
789	1	1	64	120	0
792	1	1	62	120	0
792	1	1	74	120	0
792	2	2	43	120	0
798	1	1	64	120	0
798	1	1	76	120	0
798	2	2	50	120	0
801	1	1	74	120	0
801	1	1	62	120	0
804	1	1	60	120	0
804	1	1	72	120	0
804	2	2	59	120	0
810	1	1	74	120	0
810	1	1	62	120	0
810	2	2	50	120	0
813	1	1	72	120	0
813	1	1	60	120	0
816	1	1	71	120	0
816	1	1	59	120	0
816	2	2	40	120	0
822	2	2	47	120	0
828	1	1	60	120	0
828	1	1	72	120	0
828	2	2	55	120	0
834	1	1	59	120	0
834	1	1	71	120	0
834	2	2	47	120	0
840	1	1	69	120	0
840	1	1	57	120	0
840	2	2	45	120	0
846	2	2	52	120	0
852	1	1	64	120	0
852	2	2	57	120	0
858	1	1	69	120	0
858	2	2	52	120	0
861	1	1	72	120	0
864	1	1	81	120	0
864	1	1	69	120	0
864	2	2	41	120	0
867	1	1	79	120	0
867	1	1	67	120	0
870	1	1	64	120	0
870	1	1	76	120	0
870	2	2	48	120	0
873	1	1	62	120	0
873	1	1	74	120	0
876	1	1	64	120	0
876	1	1	76	120	0
876	2	2	57	120	0
882	1	1	67	120	0
882	1	1	79	120	0
882	2	2	48	120	0
885	1	1	76	120	0
885	1	1	64	120	0
888	1	1	83	120	0
888	1	1	71	120	0
888	2	2	43	120	0
894	1	1	72	120	0
894	1	1	84	120	0
894	2	2	50	120	0
897	1	1	88	120	0
897	1	1	76	120	0
900	1	1	83	120	0
900	1	1	71	120	0
900	2	2	59	120	0
906	1	1	69	120	0
906	1	1	81	120	0
906	2	2	50	120	0
909	1	1	67	120	0
909	1	1	79	120	0
912	1	1	76	120	0
912	1	1	64	120	0
912	2	2	40	120	0
918	2	2	47	120	0
924	1	1	67	120	0
924	1	1	79	120	0
924	2	2	55	120	0
930	1	1	86	120	0
930	1	1	74	120	0
930	2	2	47	120	0
936	1	1	85	120	0
936	1	1	73	120	0
936	2	2	56	120	0
942	2	2	47	120	0
948	1	1	83	120	0
948	2	2	59	120	0
954	1	1	81	120	0
954	2	2	47	120	0
957	1	1	83	120	0
960	1	1	84	120	0
960	2	2	41	120	0
963	1	1	83	120	0
966	1	1	79	120	0
966	2	2	48	120	0
969	1	1	76	120	0
972	1	1	74	120	0
972	2	2	57	120	0
978	1	1	72	120	0
978	2	2	48	120	0
981	1	1	76	120	0
984	1	1	71	120	0
984	2	2	43	120	0
987	1	1	69	120	0
990	1	1	72	120	0
990	2	2	50	120	0
993	1	1	76	120	0
996	1	1	71	120	0
996	2	2	59	120	0
999	1	1	67	120	0
1002	1	1	71	120	0
1002	2	2	50	120	0
1005	1	1	72	120	0
1008	1	1	71	120	0
1008	2	2	45	120	0
1011	1	1	69	120	0
1014	1	1	72	120	0
1014	2	2	52	120	0
1017	1	1	69	120	0
1020	1	1	74	120	0
1020	2	2	60	120	0
1023	1	1	72	120	0
1026	1	1	69	120	0
1026	2	2	52	120	0
1029	1	1	67	120	0
1032	1	1	64	120	0
1032	2	2	45	120	0
1035	1	1	67	120	0
1038	1	1	69	120	0
1038	2	2	52	120	0
1041	1	1	64	120	0
1044	1	1	60	120	0
1044	2	2	43	120	0
1047	1	1	62	120	0
1050	1	1	64	120	0
1050	2	2	50	120	0
1053	1	1	59	120	0
1056	1	1	57	120	0
1056	2	2	41	120	0
1059	1	1	60	120	0
1062	1	1	67	120	0
1062	2	2	48	120	0
1065	1	1	60	120	0
1068	1	1	69	120	0
1068	1	1	60	120	0
1068	2	2	57	120	0
1074	1	1	67	120	0
1074	1	1	59	120	0
1074	2	2	48	120	0
1077	1	1	64	120	0
1077	1	1	57	120	0
1080	1	1	57	120	0
1080	2	2	43	120	0
1083	1	1	60	120	0
1086	1	1	67	120	0
1086	2	2	50	120	0
1089	1	1	60	120	0
1092	1	1	64	120	0
1092	1	1	71	120	0
1092	2	2	59	120	0
1098	1	1	69	120	0
1098	1	1	62	120	0
1098	2	2	50	120	0
1104	1	1	64	120	0
1104	1	1	68	120	0
1104	1	1	56	120	0
1104	2	2	40	120	0
1110	1	1	64	120	0
1110	2	2	47	120	0
1116	1	1	68	120	0
1116	1	1	56	120	0
1116	1	1	64	120	0
1116	2	2	56	120	0
1122	1	1	64	120	0
1122	2	2	47	120	0
1128	1	1	62	120	0
1128	1	1	57	120	0
1128	1	1	69	120	0
1128	2	2	56	120	0
1134	1	1	64	120	0
1134	2	2	47	120	0
1140	1	1	61	120	0
1140	1	1	69	120	0
1140	2	2	57	120	0
1143	1	1	64	120	0
1146	1	1	69	120	0
1146	2	2	48	120	0
1149	1	1	72	120	0
1152	1	1	69	120	0
1152	1	1	57	120	0
1152	2	2	48	120	0
1152	2	2	41	120	0
1152	2	2	53	120	0
1155	1	1	71	120	0
1155	1	1	59	120	0
1158	1	1	72	120	0
1158	1	1	60	120	0
1158	2	2	48	120	0
1158	2	2	41	120	0
1158	2	2	53	120	0
1161	1	1	76	120	0
1161	1	1	64	120	0
1164	1	1	57	120	0
1167	1	1	59	120	0
1170	1	1	60	120	0
1170	2	2	41	120	0
1173	1	1	64	120	0
1176	1	1	69	120	0
1176	1	1	57	120	0
1176	2	2	50	120	0
1176	2	2	43	120	0
1176	2	2	55	120	0
1179	1	1	71	120	0
1179	1	1	59	120	0
1182	1	1	60	120	0
1182	1	1	72	120	0
1182	2	2	55	120	0
1182	2	2	50	120	0
1182	2	2	43	120	0
1185	1	1	62	120	0
1185	1	1	81	120	0
1188	1	1	76	120	0
1188	1	1	57	120	0
1188	1	1	64	120	0
1191	1	1	59	120	0
1194	1	1	60	120	0
1194	2	2	43	120	0
1197	1	1	69	120	0
1200	1	1	72	120	0
1200	1	1	57	120	0
1200	1	1	64	120	0
1200	2	2	45	120	0
1200	2	2	52	120	0
1200	2	2	57	120	0
1203	1	1	76	120	0
1203	1	1	59	120	0
1206	1	1	81	120	0
1206	1	1	60	120	0
1206	2	2	57	120	0
1206	2	2	52	120	0
1206	2	2	45	120	0
1209	1	1	64	120	0
1209	1	1	83	120	0
1212	1	1	60	120	0
1215	1	1	64	120	0
1218	1	1	69	120	0
1218	2	2	45	120	0
1221	1	1	71	120	0
1224	1	1	74	120	0
1224	1	1	57	120	0
1224	2	2	52	120	0
1224	2	2	45	120	0
1224	2	2	57	120	0
1227	1	1	59	120	0
1227	1	1	76	120	0
1230	1	1	60	120	0
1230	1	1	83	120	0
1230	2	2	57	120	0
1230	2	2	45	120	0
1230	2	2	52	120	0
1233	1	1	62	120	0
1233	1	1	84	120	0
1236	1	1	62	120	0
1236	1	1	64	120	0
1239	1	1	64	120	0
1242	1	1	71	120	0
1242	2	2	43	120	0
1242	2	2	50	120	0
1245	1	1	72	120	0
1248	1	1	69	120	0
1248	1	1	77	120	0
1248	2	2	48	120	0
1248	2	2	41	120	0
1248	2	2	53	120	0
1251	1	1	71	120	0
1251	1	1	81	120	0
1254	1	1	83	120	0
1254	1	1	72	120	0
1254	2	2	41	120	0
1254	2	2	48	120	0
1254	2	2	53	120	0
1257	1	1	74	120	0
1257	1	1	84	120	0
1260	1	1	65	120	0
1260	1	1	76	120	0
1263	1	1	69	120	0
1266	1	1	71	120	0
1266	2	2	41	120	0
1269	1	1	72	120	0
1272	1	1	69	120	0
1272	1	1	76	120	0
1272	2	2	55	120	0
1272	2	2	50	120	0
1272	2	2	43	120	0
1275	1	1	71	120	0
1275	1	1	81	120	0
1278	1	1	83	120	0
1278	1	1	72	120	0
1278	2	2	43	120	0
1278	2	2	55	120	0
1278	2	2	50	120	0
1281	1	1	74	120	0
1281	1	1	86	120	0
1284	1	1	64	120	0
1284	1	1	76	120	0
1287	1	1	69	120	0
1287	1	1	81	120	0
1290	1	1	71	120	0
1290	1	1	83	120	0
1290	2	2	43	120	0
1293	1	1	74	120	0
1293	1	1	86	120	0
1296	1	1	79	120	0
1296	1	1	69	120	0
1296	2	2	47	120	0
1296	2	2	52	120	0
1296	2	2	40	120	0
1299	1	1	81	120	0
1299	1	1	71	120	0
1302	1	1	83	120	0
1302	1	1	72	120	0
1302	2	2	47	120	0
1302	2	2	40	120	0
1302	2	2	52	120	0
1305	1	1	76	120	0
1305	1	1	86	120	0
1308	1	1	67	120	0
1308	1	1	79	120	0
1311	1	1	81	120	0
1311	1	1	69	120	0
1314	1	1	71	120	0
1314	1	1	83	120	0
1314	2	2	40	120	0
1317	1	1	74	120	0
1317	1	1	86	120	0
1320	1	1	69	120	0
1320	1	1	81	120	0
1320	2	2	52	120	0
1320	2	2	56	120	0
1320	2	2	44	120	0
1323	1	1	83	120	0
1323	1	1	71	120	0
1326	1	1	85	120	0
1326	1	1	73	120	0
1326	2	2	56	120	0
1326	2	2	52	120	0
1329	1	1	74	120	0
1329	1	1	86	120	0
1332	1	1	88	120	0
1332	1	1	69	120	0
1332	1	1	76	120	0
1332	2	2	44	120	0
1335	1	1	71	120	0
1338	1	1	73	120	0
1338	2	2	43	120	0
1341	1	1	76	120	0
1344	1	1	57	120	0
1344	1	1	69	120	0
1344	2	2	53	120	0
1344	2	2	41	120	0
1344	2	2	48	120	0
1347	1	1	59	120	0
1347	1	1	71	120	0
1350	1	1	60	120	0
1350	1	1	72	120	0
1350	2	2	41	120	0
1350	2	2	48	120	0
1350	2	2	53	120	0
1353	1	1	76	120	0
1353	1	1	64	120	0
1356	1	1	57	120	0
1359	1	1	59	120	0
1362	1	1	60	120	0
1362	2	2	41	120	0
1365	1	1	64	120	0
1368	1	1	69	120	0
1368	1	1	57	120	0
1368	2	2	43	120	0
1368	2	2	50	120	0
1368	2	2	55	120	0
1371	1	1	71	120	0
1371	1	1	59	120	0
1374	1	1	60	120	0
1374	1	1	72	120	0
1374	2	2	55	120	0
1374	2	2	50	120	0
1374	2	2	43	120	0
1377	1	1	81	120	0
1377	1	1	62	120	0
1380	1	1	76	120	0
1380	1	1	57	120	0
1380	1	1	64	120	0
1383	1	1	59	120	0
1386	1	1	60	120	0
1386	2	2	43	120	0
1389	1	1	69	120	0
1392	1	1	72	120	0
1392	1	1	57	120	0
1392	1	1	64	120	0
1392	2	2	57	120	0
1392	2	2	45	120	0
1392	2	2	52	120	0
1395	1	1	59	120	0
1395	1	1	76	120	0
1398	1	1	81	120	0
1398	1	1	60	120	0
1398	2	2	57	120	0
1398	2	2	45	120	0
1398	2	2	52	120	0
1401	1	1	83	120	0
1401	1	1	64	120	0
1404	1	1	60	120	0
1407	1	1	64	120	0
1410	1	1	69	120	0
1410	2	2	45	120	0
1413	1	1	71	120	0
1416	1	1	57	120	0
1416	1	1	74	120	0
1416	2	2	52	120	0
1416	2	2	45	120	0
1416	2	2	57	120	0
1419	1	1	76	120	0
1419	1	1	59	120	0
1422	1	1	60	120	0
1422	1	1	83	120	0
1422	2	2	57	120	0
1422	2	2	45	120	0
1422	2	2	52	120	0
1425	1	1	62	120	0
1425	1	1	84	120	0
1428	1	1	62	120	0
1428	1	1	64	120	0
1431	1	1	64	120	0
1434	1	1	71	120	0
1434	2	2	43	120	0
1434	2	2	50	120	0
1437	1	1	72	120	0
1440	1	1	69	120	0
1440	1	1	77	120	0
1440	2	2	48	120	0
1440	2	2	41	120	0
1440	2	2	53	120	0
1443	1	1	81	120	0
1443	1	1	71	120	0
1446	1	1	83	120	0
1446	1	1	72	120	0
1446	2	2	53	120	0
1446	2	2	48	120	0
1446	2	2	41	120	0
1449	1	1	84	120	0
1449	1	1	74	120	0
1452	1	1	76	120	0
1452	1	1	65	120	0
1455	1	1	69	120	0
1458	1	1	71	120	0
1458	2	2	41	120	0
1461	1	1	72	120	0
1464	1	1	76	120	0
1464	1	1	69	120	0
1464	2	2	50	120	0
1464	2	2	43	120	0
1464	2	2	55	120	0
1467	1	1	71	120	0
1467	1	1	81	120	0
1470	1	1	72	120	0
1470	1	1	83	120	0
1470	2	2	55	120	0
1470	2	2	43	120	0
1470	2	2	50	120	0
1473	1	1	74	120	0
1473	1	1	86	120	0
1476	1	1	64	120	0
1476	1	1	76	120	0
1479	1	1	81	120	0
1479	1	1	69	120	0
1482	1	1	83	120	0
1482	1	1	71	120	0
1482	2	2	43	120	0
1485	1	1	86	120	0
1485	1	1	74	120	0
1488	1	1	79	120	0
1488	1	1	69	120	0
1488	2	2	40	120	0
1488	2	2	52	120	0
1488	2	2	47	120	0
1491	1	1	81	120	0
1491	1	1	71	120	0
1494	1	1	72	120	0
1494	1	1	83	120	0
1494	2	2	52	120	0
1494	2	2	47	120	0
1494	2	2	40	120	0
1497	1	1	86	120	0
1497	1	1	76	120	0
1500	1	1	67	120	0
1500	1	1	79	120	0
1503	1	1	81	120	0
1503	1	1	69	120	0
1506	1	1	83	120	0
1506	1	1	71	120	0
1506	2	2	40	120	0
1509	1	1	74	120	0
1509	1	1	86	120	0
1512	1	1	69	120	0
1512	1	1	81	120	0
1512	2	2	44	120	0
1512	2	2	56	120	0
1512	2	2	52	120	0
1515	1	1	71	120	0
1515	1	1	83	120	0
1518	1	1	85	120	0
1518	1	1	73	120	0
1518	2	2	56	120	0
1518	2	2	52	120	0
1521	1	1	74	120	0
1521	1	1	86	120	0
1524	1	1	88	120	0
1524	1	1	69	120	0
1524	1	1	76	120	0
1524	2	2	44	120	0
1525	1	1	86	120	0
1527	1	1	84	120	0
1527	1	1	71	120	0
1528	1	1	83	120	0
1530	1	1	73	120	0
1530	1	1	81	120	0
1530	2	2	43	120	0
1531	1	1	79	120	0
1533	1	1	76	120	0
1533	1	1	77	120	0
1534	1	1	76	120	0
1536	1	1	93	120	0
1536	2	2	57	120	0
1536	2	2	45	120	0
1536	2	2	48	120	0
1536	2	2	52	120	0
1540	1	1	88	120	0
1542	2	2	57	120	0
1542	2	2	45	120	0
1542	2	2	48	120	0
1542	2	2	52	120	0
1545	1	1	81	120	0
1548	1	1	88	120	0
1552	1	1	83	120	0
1557	1	1	76	120	0
1560	1	1	88	120	0
1564	1	1	83	120	0
1569	1	1	86	120	0
1572	1	1	76	120	0
1572	2	2	55	120	0
1572	2	2	47	120	0
1572	2	2	43	120	0
1572	2	2	50	120	0
1576	1	1	77	120	0
1578	2	2	55	120	0
1578	2	2	50	120	0
1578	2	2	47	120	0
1578	2	2	43	120	0
1581	1	1	79	120	0
1584	1	1	80	120	0
1584	2	2	57	120	0
1584	2	2	52	120	0
1584	2	2	48	120	0
1584	2	2	45	120	0
1588	1	1	81	120	0
1590	2	2	45	120	0
1590	2	2	52	120	0
1590	2	2	48	120	0
1590	2	2	57	120	0
1593	1	1	84	120	0
1596	1	1	71	120	0
1600	1	1	72	120	0
1605	1	1	76	120	0
1608	1	1	72	120	0
1612	1	1	71	120	0
1617	1	1	67	120	0
1620	1	1	72	120	0
1620	2	2	55	120	0
1620	2	2	47	120	0
1620	2	2	43	120	0
1620	2	2	50	120	0
1624	1	1	74	120	0
1626	2	2	43	120	0
1626	2	2	55	120	0
1626	2	2	47	120	0
1626	2	2	50	120	0
1629	1	1	72	120	0
1632	1	1	80	120	0
1632	2	2	57	120	0
1632	2	2	45	120	0
1632	2	2	48	120	0
1632	2	2	52	120	0
1635	2	2	59	120	0
1636	1	1	76	120	0
1638	2	2	59	120	0
1638	2	2	45	120	0
1638	2	2	57	120	0
1638	2	2	52	120	0
1638	2	2	48	120	0
1641	1	1	80	120	0
1641	2	2	60	120	0
1644	1	1	81	120	0
1644	2	2	60	120	0
1647	2	2	62	120	0
1648	1	1	76	120	0
1650	2	2	62	120	0
1653	1	1	81	120	0
1653	2	2	64	120	0
1656	1	1	84	120	0
1656	2	2	64	120	0
1659	2	2	65	120	0
1660	1	1	81	120	0
1662	2	2	65	120	0
1665	1	1	84	120	0
1665	2	2	67	120	0
1668	1	1	88	120	0
1668	2	2	50	120	0
1668	2	2	55	120	0
1668	2	2	47	120	0
1668	2	2	43	120	0
1668	2	2	67	120	0
1671	2	2	68	120	0
1672	1	1	84	120	0
1674	2	2	50	120	0
1674	2	2	55	120	0
1674	2	2	47	120	0
1674	2	2	43	120	0
1674	2	2	68	120	0
1677	1	1	88	120	0
1677	2	2	69	120	0
1680	1	1	92	120	0
1680	2	2	57	120	0
1680	2	2	52	120	0
1680	2	2	48	120	0
1680	2	2	45	120	0
1680	2	2	69	120	0
1683	2	2	71	120	0
1684	1	1	88	120	0
1686	2	2	71	120	0
1686	2	2	57	120	0
1686	2	2	52	120	0
1686	2	2	48	120	0
1686	2	2	45	120	0
1689	1	1	96	120	0
1689	2	2	72	120	0
1692	1	1	92	120	0
1692	2	2	72	120	0
1695	2	2	74	120	0
1696	1	1	88	120	0
1698	2	2	74	120	0
1701	1	1	96	120	0
1701	2	2	76	120	0
1704	1	1	92	120	0
1704	2	2	76	120	0
1707	2	2	77	120	0
1708	1	1	88	120	0
1710	2	2	77	120	0
1713	1	1	96	120	0
1713	2	2	79	120	0
1716	1	1	92	120	0
1716	2	2	79	120	0
1716	2	2	43	120	0
1716	2	2	47	120	0
1716	2	2	50	120	0
1716	2	2	55	120	0
1719	2	2	80	120	0
1720	1	1	88	120	0
1722	2	2	80	120	0
1725	1	1	100	120	0
1725	2	2	81	120	0
1728	1	1	69	120	0
1728	1	1	81	120	0
1728	2	2	45	120	0
1728	2	2	57	120	0
1728	2	2	48	120	0
1728	2	2	52	120	0
1740	1	1	69	120	0
1740	1	1	81	120	0
1740	2	2	48	120	0
1740	2	2	52	120	0
1740	2	2	45	120	0
1740	2	2	57	120	0
1752	1	1	82	120	0
1752	1	1	70	120	0
1752	2	2	48	120	0
1752	2	2	57	120	0
1752	2	2	45	120	0
1752	2	2	52	120	0
1758	1	1	83	120	0
1758	1	1	71	120	0
1758	2	2	55	120	0
1758	2	2	47	120	0
1758	2	2	43	120	0
1758	2	2	50	120	0
1770	1	1	84	120	0
1770	1	1	72	120	0
1770	2	2	48	120	0
1770	2	2	57	120	0
1770	2	2	45	120	0
1770	2	2	52	120	0
1776	1	1	81	120	0
1776	1	1	69	120	0
1776	2	2	52	120	0
1776	2	2	45	120	0
1776	2	2	48	120	0
1776	2	2	57	120	0
1788	1	1	69	120	0
1788	1	1	81	120	0
1788	2	2	45	120	0
1788	2	2	48	120	0
1788	2	2	52	120	0
1788	2	2	57	120	0
1800	1	1	82	120	0
1800	1	1	70	120	0
1800	2	2	45	120	0
1800	2	2	52	120	0
1800	2	2	48	120	0
1800	2	2	57	120	0
1806	1	1	71	120	0
1806	1	1	83	120	0
1806	2	2	50	120	0
1806	2	2	55	120	0
1806	2	2	47	120	0
1806	2	2	43	120	0
1818	1	1	72	120	0
1818	1	1	84	120	0
1818	2	2	57	120	0
1818	2	2	45	120	0
1818	2	2	48	120	0
1818	2	2	52	120	0
1824	1	1	81	120	0
1824	1	1	93	120	0
1824	2	2	52	120	0
1824	2	2	48	120	0
1824	2	2	45	120	0
1824	2	2	57	120	0
1827	2	2	59	120	0
1830	1	1	81	120	0
1830	1	1	93	120	0
1830	2	2	59	120	0
1833	2	2	60	120	0
1836	1	1	81	120	0
1836	1	1	93	120	0
1836	2	2	57	120	0
1836	2	2	60	120	0
1836	2	2	45	120	0
1836	2	2	48	120	0
1836	2	2	52	120	0
1839	2	2	62	120	0
1842	1	1	81	120	0
1842	1	1	93	120	0
1842	2	2	62	120	0
1845	2	2	64	120	0
1848	1	1	94	120	0
1848	1	1	82	120	0
1848	2	2	57	120	0
1848	2	2	52	120	0
1848	2	2	48	120	0
1848	2	2	64	120	0
1848	2	2	45	120	0
1851	2	2	65	120	0
1854	1	1	95	120	0
1854	1	1	83	120	0
1854	2	2	65	120	0
1854	2	2	43	120	0
1854	2	2	47	120	0
1854	2	2	50	120	0
1854	2	2	55	120	0
1857	2	2	67	120	0
1860	2	2	67	120	0
1863	2	2	68	120	0
1866	1	1	84	120	0
1866	1	1	96	120	0
1866	2	2	57	120	0
1866	2	2	52	120	0
1866	2	2	48	120	0
1866	2	2	45	120	0
1866	2	2	68	120	0
1869	2	2	69	120	0
1872	1	1	93	120	0
1872	1	1	81	120	0
1872	2	2	57	120	0
1872	2	2	52	120	0
1872	2	2	48	120	0
1872	2	2	45	120	0
1872	2	2	69	120	0
1875	2	2	71	120	0
1878	1	1	81	120	0
1878	1	1	93	120	0
1878	2	2	71	120	0
1881	2	2	72	120	0
1884	1	1	81	120	0
1884	1	1	93	120	0
1884	2	2	57	120	0
1884	2	2	72	120	0
1884	2	2	52	120	0
1884	2	2	48	120	0
1884	2	2	45	120	0
1887	2	2	74	120	0
1890	1	1	93	120	0
1890	1	1	81	120	0
1890	2	2	74	120	0
1893	2	2	76	120	0
1896	1	1	94	120	0
1896	1	1	82	120	0
1896	2	2	76	120	0
1896	2	2	45	120	0
1896	2	2	48	120	0
1896	2	2	52	120	0
1896	2	2	57	120	0
1899	2	2	77	120	0
1902	1	1	95	120	0
1902	1	1	83	120	0
1902	2	2	77	120	0
1905	2	2	79	120	0
1908	2	2	79	120	0
1911	2	2	80	120	0
1914	1	1	100	120	0
1914	1	1	88	120	0
1914	2	2	80	120	0
1917	2	2	81	120	0
1920	2	2	45	120	0
1923	2	2	45	120	0
1926	2	2	45	120	0
1929	2	2	45	120	0
1932	2	2	45	120	0
1932	2	2	52	120	0
1938	2	2	45	120	0
1941	2	2	45	120	0
1947	2	2	45	120	0
1950	2	2	45	120	0
1953	2	2	45	120	0
1956	2	2	52	120	0
1956	2	2	45	120	0
1962	1	1	75	120	0
1962	1	1	68	120	0
1962	1	1	80	120	0
1962	2	2	47	120	0
1962	2	2	50	120	0
1962	2	2	43	120	0
1962	2	2	55	120	0
1968	1	1	81	120	0
1968	1	1	69	120	0
1968	1	1	76	120	0
1968	2	2	52	120	0
1968	2	2	48	120	0
1968	2	2	45	120	0
1968	2	2	57	120	0
1971	2	2	45	120	0
1974	2	2	45	120	0
1977	2	2	45	120	0
1980	2	2	45	120	0
1980	2	2	52	120	0
1986	2	2	45	120	0
1989	2	2	45	120	0
1995	2	2	45	120	0
1998	2	2	45	120	0
2004	2	2	45	120	0
2004	2	2	52	120	0
2010	2	2	45	120	0
2016	1	1	81	120	0
2016	2	2	41	120	0
2019	1	1	79	120	0
2022	1	1	76	120	0
2022	2	2	48	120	0
2025	1	1	74	120	0
2028	1	1	76	120	0
2028	2	2	57	120	0
2034	1	1	79	120	0
2034	2	2	48	120	0
2037	1	1	76	120	0
2040	1	1	74	120	0
2040	2	2	43	120	0
2046	1	1	76	120	0
2046	2	2	50	120	0
2049	1	1	74	120	0
2052	1	1	72	120	0
2052	2	2	59	120	0
2058	1	1	74	120	0
2058	2	2	50	120	0
2061	1	1	72	120	0
2064	1	1	79	120	0
2064	1	1	71	120	0
2064	2	2	40	120	0
2070	2	2	47	120	0
2076	1	1	72	120	0
2076	1	1	81	120	0
2076	2	2	55	120	0
2082	1	1	79	120	0
2082	1	1	71	120	0
2082	2	2	47	120	0
2088	1	1	69	120	0
2088	1	1	76	120	0
2088	2	2	45	120	0
2094	2	2	52	120	0
2100	1	1	64	120	0
2100	2	2	57	120	0
2106	1	1	69	120	0
2106	2	2	52	120	0
2109	1	1	72	120	0
2112	1	1	81	120	0
2112	2	2	41	120	0
2115	1	1	79	120	0
2118	1	1	76	120	0
2118	2	2	48	120	0
2121	1	1	74	120	0
2124	1	1	76	120	0
2124	2	2	57	120	0
2130	1	1	79	120	0
2130	2	2	48	120	0
2133	1	1	76	120	0
2136	1	1	83	120	0
2136	2	2	43	120	0
2142	1	1	84	120	0
2142	2	2	50	120	0
2145	1	1	88	120	0
2148	1	1	83	120	0
2148	2	2	59	120	0
2154	1	1	81	120	0
2154	2	2	50	120	0
2157	1	1	79	120	0
2160	1	1	76	120	0
2160	2	2	40	120	0
2166	2	2	47	120	0
2172	1	1	67	120	0
2172	1	1	79	120	0
2172	2	2	55	120	0
2178	1	1	86	120	0
2178	1	1	74	120	0
2178	2	2	47	120	0
2184	1	1	73	120	0
2184	1	1	85	120	0
2184	2	2	56	120	0
2190	2	2	47	120	0
2196	1	1	83	120	0
2196	2	2	59	120	0
2202	1	1	81	120	0
2202	2	2	47	120	0
2205	1	1	83	120	0
2208	1	1	84	120	0
2208	2	2	41	120	0
2211	1	1	83	120	0
2214	1	1	79	120	0
2214	2	2	48	120	0
2217	1	1	76	120	0
2220	1	1	74	120	0
2220	2	2	57	120	0
2226	1	1	72	120	0
2226	2	2	48	120	0
2229	1	1	76	120	0
2232	1	1	71	120	0
2232	2	2	43	120	0
2238	1	1	72	120	0
2238	2	2	50	120	0
2241	1	1	76	120	0
2244	1	1	69	120	0
2244	2	2	59	120	0
2250	1	1	71	120	0
2250	2	2	50	120	0
2253	1	1	72	120	0
2256	1	1	71	120	0
2256	2	2	45	120	0
2259	1	1	74	120	0
2262	1	1	76	120	0
2262	2	2	52	120	0
2265	1	1	81	120	0
2268	1	1	84	120	0
2268	2	2	60	120	0
2274	1	1	80	120	0
2274	2	2	52	120	0
2280	1	1	81	120	0
2280	2	2	45	120	0
2283	1	1	84	120	0
2286	1	1	87	120	0
2286	2	2	52	120	0
2289	1	1	88	120	0
2292	1	1	93	120	0
2292	2	2	43	120	0
2298	1	1	88	120	0
2298	2	2	50	120	0
2304	1	1	95	120	0
2304	2	2	41	120	0
2307	1	1	95	120	0
2308	1	1	93	120	0
2310	1	1	88	120	0
2310	2	2	48	120	0
2313	1	1	86	120	0
2316	1	1	84	120	0
2316	2	2	57	120	0
2319	1	1	83	120	0
2322	1	1	81	120	0
2322	2	2	48	120	0
2325	1	1	76	120	0
2328	1	1	95	120	0
2328	2	2	43	120	0
2331	1	1	93	120	0
2334	1	1	91	120	0
2334	2	2	50	120	0
2337	1	1	88	120	0
2340	1	1	86	120	0
2340	2	2	59	120	0
2343	1	1	84	120	0
2346	1	1	83	120	0
2346	2	2	50	120	0
2349	1	1	81	120	0
2352	1	1	81	120	0
2352	1	1	85	120	0
2352	1	1	76	120	0
2352	2	2	45	120	0
2358	2	2	52	120	0
2364	2	2	61	120	0
2370	1	1	81	120	0
2370	2	2	52	120	0
2376	1	1	74	120	0
2376	1	1	76	120	0
2376	2	2	61	120	0
2379	1	1	72	120	0
2382	1	1	71	120	0
2382	2	2	52	120	0
2385	1	1	69	120	0
2388	1	1	72	120	0
2388	2	2	61	120	0
2391	1	1	71	120	0
2394	1	1	64	120	0
2394	2	2	52	120	0
2400	1	1	81	120	0
2400	2	2	41	120	0
2403	1	1	79	120	0
2406	1	1	76	120	0
2406	2	2	48	120	0
2409	1	1	74	120	0
2412	1	1	75	120	0
2412	2	2	57	120	0
2413	1	1	76	120	0
2415	1	1	79	120	0
2418	1	1	79	120	0
2418	2	2	48	120	0
2421	1	1	76	120	0
2424	1	1	73	120	0
2424	2	2	43	120	0
2425	1	1	74	120	0
2427	1	1	76	120	0
2430	1	1	76	120	0
2430	2	2	50	120	0
2433	1	1	74	120	0
2436	1	1	71	120	0
2436	2	2	59	120	0
2437	1	1	72	120	0
2439	1	1	74	120	0
2442	1	1	74	120	0
2442	2	2	50	120	0
2445	1	1	72	120	0
2448	1	1	71	120	0
2448	2	2	40	120	0
2451	1	1	72	120	0
2452	1	1	76	120	0
2454	1	1	72	120	0
2454	2	2	47	120	0
2457	1	1	71	120	0
2460	1	1	72	120	0
2460	2	2	55	120	0
2463	1	1	67	120	0
2466	1	1	71	120	0
2466	2	2	47	120	0
2469	1	1	76	120	0
2472	1	1	69	120	0
2472	2	2	45	120	0
2475	1	1	72	120	0
2478	1	1	67	120	0
2478	2	2	52	120	0
2481	1	1	71	120	0
2484	1	1	64	120	0
2484	2	2	57	120	0
2490	1	1	69	120	0
2490	2	2	52	120	0
2493	1	1	72	120	0
2496	1	1	76	120	0
2496	1	1	81	120	0
2496	2	2	41	120	0
2499	1	1	79	120	0
2499	1	1	74	120	0
2502	1	1	76	120	0
2502	1	1	72	120	0
2502	2	2	48	120	0
2505	1	1	74	120	0
2505	1	1	71	120	0
2508	1	1	76	120	0
2508	1	1	72	120	0
2508	2	2	57	120	0
2514	1	1	79	120	0
2514	2	2	48	120	0
2515	1	1	79	120	0
2517	1	1	76	120	0
2520	1	1	83	120	0
2520	2	2	43	120	0
2521	1	1	83	120	0
2523	1	1	84	120	0
2526	1	1	84	120	0
2526	2	2	50	120	0
2529	1	1	88	120	0
2532	1	1	83	120	0
2532	2	2	59	120	0
2535	1	1	84	120	0
2538	1	1	81	120	0
2538	2	2	50	120	0
2541	1	1	79	120	0
2544	1	1	76	120	0
2544	2	2	40	120	0
2547	1	1	79	120	0
2550	1	1	84	120	0
2550	2	2	47	120	0
2553	1	1	83	120	0
2556	1	1	79	120	0
2556	1	1	67	120	0
2556	2	2	55	120	0
2562	1	1	74	120	0
2562	1	1	86	120	0
2562	2	2	47	120	0
2568	1	1	85	120	0
2568	1	1	73	120	0
2568	2	2	56	120	0
2571	1	1	83	120	0
2574	1	1	81	120	0
2574	2	2	47	120	0
2577	1	1	83	120	0
2580	1	1	85	120	0
2580	2	2	59	120	0
2583	1	1	83	120	0
2586	1	1	81	120	0
2586	2	2	47	120	0
2589	1	1	83	120	0
2592	1	1	81	120	0
2592	1	1	84	120	0
2592	2	2	41	120	0
2595	1	1	79	120	0
2595	1	1	83	120	0
2598	1	1	79	120	0
2598	1	1	76	120	0
2598	2	2	48	120	0
2601	1	1	72	120	0
2601	1	1	76	120	0
2604	1	1	69	120	0
2604	1	1	74	120	0
2604	2	2	57	120	0
2610	1	1	72	120	0
2610	2	2	48	120	0
2613	1	1	76	120	0
2616	1	1	71	120	0
2616	2	2	43	120	0
2619	1	1	72	120	0
2622	1	1	72	120	0
2622	2	2	50	120	0
2625	1	1	76	120	0
2628	1	1	69	120	0
2628	2	2	59	120	0
2629	1	1	70	120	0
2631	1	1	71	120	0
2634	1	1	72	120	0
2634	2	2	50	120	0
2635	1	1	76	120	0
2637	1	1	72	120	0
2640	1	1	64	120	0
2640	1	1	69	120	0
2640	2	2	45	120	0
2643	1	1	69	120	0
2643	1	1	74	120	0
2646	1	1	72	120	0
2646	1	1	76	120	0
2646	2	2	52	120	0
2649	1	1	81	120	0
2649	1	1	76	120	0
2652	1	1	81	120	0
2652	1	1	84	120	0
2652	2	2	60	120	0
2655	1	1	81	120	0
2655	1	1	84	120	0
2658	1	1	80	120	0
2658	1	1	76	120	0
2658	2	2	52	120	0
2664	1	1	81	120	0
2664	1	1	72	120	0
2664	2	2	45	120	0
2667	1	1	76	120	0
2667	1	1	84	120	0
2670	1	1	80	120	0
2670	1	1	87	120	0
2670	2	2	52	120	0
2673	1	1	81	120	0
2673	1	1	88	120	0
2676	1	1	84	120	0
2676	1	1	93	120	0
2676	2	2	43	120	0
2679	1	1	93	120	0
2679	1	1	84	120	0
2682	1	1	88	120	0
2682	1	1	81	120	0
2682	2	2	50	120	0
2688	1	1	93	120	0
2688	2	2	41	120	0
2691	1	1	88	120	0
2694	1	1	86	120	0
2694	2	2	48	120	0
2697	1	1	81	120	0
2700	1	1	84	120	0
2700	2	2	57	120	0
2703	1	1	83	120	0
2706	1	1	81	120	0
2706	2	2	48	120	0
2709	1	1	76	120	0
2712	1	1	69	120	0
2712	2	2	43	120	0
2715	1	1	72	120	0
2718	1	1	76	120	0
2718	2	2	50	120	0
2721	1	1	81	120	0
2724	1	1	84	120	0
2724	1	1	81	120	0
2724	2	2	59	120	0
2730	1	1	83	120	0
2730	1	1	79	120	0
2730	2	2	50	120	0
2736	1	1	81	120	0
2736	1	1	76	120	0
2736	1	1	73	120	0
2736	2	2	45	120	0
2742	2	2	52	120	0
2748	1	1	69	120	0
2748	2	2	61	120	0
2749	1	1	72	120	0
2751	1	1	76	120	0
2752	1	1	81	120	0
2754	1	1	64	120	0
2754	1	1	81	120	0
2754	2	2	52	120	0
2755	1	1	84	120	0
2757	1	1	88	120	0
2758	1	1	93	120	0
2760	1	1	93	120	0
2760	2	2	61	120	0
2761	1	1	88	120	0
2763	1	1	84	120	0
2764	1	1	81	120	0
2766	1	1	81	120	0
2766	2	2	52	120	0
2767	1	1	76	120	0
2769	1	1	72	120	0
2770	1	1	69	120	0
2772	1	1	69	120	0
2772	2	2	61	120	0
2773	1	1	64	120	0
2775	1	1	60	120	0
2776	1	1	57	120	0
2778	1	1	57	120	0
2778	2	2	52	120	0
2779	1	1	52	120	0
2781	1	1	48	120	0
2782	1	1	45	120	0
2784	1	1	69	120	0
2784	1	1	81	120	0
2784	2	2	45	120	0
2784	2	2	48	120	0
2784	2	2	52	120	0
2784	2	2	57	120	0
2796	1	1	69	120	0
2796	1	1	81	120	0
2796	2	2	52	120	0
2796	2	2	48	120	0
2796	2	2	45	120	0
2796	2	2	57	120	0
2808	1	1	70	120	0
2808	1	1	82	120	0
2808	2	2	57	120	0
2808	2	2	45	120	0
2808	2	2	52	120	0
2808	2	2	48	120	0
2814	1	1	71	120	0
2814	1	1	83	120	0
2814	2	2	50	120	0
2814	2	2	47	120	0
2814	2	2	43	120	0
2814	2	2	55	120	0
2826	1	1	84	120	0
2826	1	1	72	120	0
2826	2	2	48	120	0
2826	2	2	45	120	0
2826	2	2	57	120	0
2826	2	2	52	120	0
2832	1	1	81	120	0
2832	1	1	72	120	0
2832	1	1	84	120	0
2832	2	2	52	120	0
2832	2	2	48	120	0
2832	2	2	45	120	0
2832	2	2	57	120	0
2844	1	1	72	120	0
2844	1	1	81	120	0
2844	1	1	84	120	0
2844	2	2	52	120	0
2844	2	2	57	120	0
2844	2	2	45	120	0
2844	2	2	48	120	0
2856	1	1	82	120	0
2856	1	1	74	120	0
2856	1	1	86	120	0
2856	2	2	57	120	0
2856	2	2	45	120	0
2856	2	2	52	120	0
2856	2	2	48	120	0
2862	1	1	87	120	0
2862	1	1	75	120	0
2862	1	1	83	120	0
2862	2	2	50	120	0
2862	2	2	47	120	0
2862	2	2	43	120	0
2862	2	2	55	120	0
2874	1	1	88	120	0
2874	1	1	76	120	0
2874	1	1	84	120	0
2874	2	2	45	120	0
2874	2	2	57	120	0
2874	2	2	48	120	0
2874	2	2	52	120	0
2880	1	1	81	120	0
2880	1	1	93	120	0
2880	2	2	57	120	0
2880	2	2	45	120	0
2880	2	2	48	120	0
2880	2	2	52	120	0
2883	2	2	59	120	0
2886	1	1	81	120	0
2886	1	1	93	120	0
2886	2	2	59	120	0
2889	2	2	60	120	0
2892	1	1	93	120	0
2892	1	1	81	120	0
2892	2	2	60	120	0
2892	2	2	45	120	0
2892	2	2	48	120	0
2892	2	2	52	120	0
2892	2	2	57	120	0
2895	2	2	62	120	0
2898	1	1	93	120	0
2898	1	1	81	120	0
2898	2	2	62	120	0
2901	2	2	64	120	0
2904	1	1	82	120	0
2904	1	1	94	120	0
2904	2	2	57	120	0
2904	2	2	52	120	0
2904	2	2	48	120	0
2904	2	2	45	120	0
2904	2	2	64	120	0
2907	2	2	65	120	0
2910	1	1	83	120	0
2910	1	1	95	120	0
2910	2	2	55	120	0
2910	2	2	50	120	0
2910	2	2	47	120	0
2910	2	2	43	120	0
2910	2	2	65	120	0
2913	2	2	67	120	0
2916	2	2	67	120	0
2919	2	2	68	120	0
2922	1	1	96	120	0
2922	1	1	84	120	0
2922	2	2	68	120	0
2922	2	2	57	120	0
2922	2	2	52	120	0
2922	2	2	48	120	0
2922	2	2	45	120	0
2925	2	2	69	120	0
2928	1	1	93	120	0
2928	1	1	81	120	0
2928	2	2	57	120	0
2928	2	2	52	120	0
2928	2	2	48	120	0
2928	2	2	45	120	0
2928	2	2	69	120	0
2931	2	2	71	120	0
2934	2	2	71	120	0
2937	2	2	72	120	0
2940	1	1	81	120	0
2940	1	1	93	120	0
2940	2	2	57	120	0
2940	2	2	72	120	0
2940	2	2	52	120	0
2940	2	2	48	120	0
2940	2	2	45	120	0
2943	2	2	74	120	0
2946	2	2	74	120	0
2949	2	2	76	120	0
2952	1	1	91	120	0
2952	1	1	79	120	0
2952	2	2	57	120	0
2952	2	2	52	120	0
2952	2	2	48	120	0
2952	2	2	45	120	0
2952	2	2	76	120	0
2955	2	2	77	120	0
2958	1	1	93	120	0
2958	1	1	81	120	0
2958	2	2	77	120	0
2961	2	2	79	120	0
2964	2	2	79	120	0
2967	2	2	80	120	0
2970	1	1	93	120	0
2970	1	1	81	120	0
2970	2	2	80	120	0
2973	2	2	81	120	0
