time	track	channel	beat	pitch	volume	bar	instrument
0	2	0	0	39	80	0	0
0	1	0	0	65	80	0	0
5	2	0	0	46	80	0	0
5	1	0	0	55	80	0	0
10	2	0	0	51	80	0	0
10	1	0	0	58	80	0	0
15	1	0	1	65	80	0	0
25	1	0	2	55	80	0	0
30	2	0	2	39	80	0	0
30	1	0	2	58	80	0	0
35	1	0	3	65	80	0	0
40	2	0	3	41	80	0	0
45	2	0	4	48	80	1	0
45	1	0	4	55	80	1	0
50	2	0	4	53	80	1	0
50	1	0	4	58	80	1	0
55	1	0	5	65	80	1	0
65	1	0	6	55	80	1	0
70	2	0	6	41	80	1	0
75	1	0	7	58	80	1	0
80	2	0	7	43	80	1	0
85	2	0	8	50	80	2	0
85	1	0	8	58	80	2	0
90	2	0	8	55	80	2	0
95	1	0	9	58	80	2	0
105	1	0	10	58	80	2	0
110	2	0	10	55	80	2	0
115	1	0	11	58	80	2	0
120	2	0	11	43	80	2	0
125	2	0	12	50	80	3	0
125	1	0	12	60	80	3	0
130	2	0	12	55	80	3	0
135	1	0	13	62	80	3	0
140	2	0	13	43	80	3	0
145	1	0	14	63	80	3	0
150	2	0	14	41	80	3	0
155	1	0	15	67	80	3	0
160	2	0	15	39	80	3	0
160	1	0	15	77	80	3	0
165	2	0	16	46	80	4	0
165	1	0	16	67	80	4	0
170	2	0	16	51	80	4	0
170	1	0	16	70	80	4	0
175	2	0	17	55	80	4	0
175	1	0	17	77	80	4	0
180	2	0	17	58	80	4	0
185	1	0	18	67	80	4	0
190	2	0	18	51	80	4	0
190	1	0	18	70	80	4	0
195	1	0	19	77	80	4	0
200	2	0	19	41	80	4	0
205	2	0	20	48	80	5	0
205	1	0	20	67	80	5	0
210	2	0	20	53	80	5	0
210	1	0	20	70	80	5	0
215	2	0	21	57	80	5	0
215	1	0	21	77	80	5	0
220	2	0	21	60	80	5	0
225	1	0	22	67	80	5	0
230	2	0	22	53	80	5	0
230	1	0	22	74	80	5	0
235	1	0	23	75	80	5	0
240	2	0	23	43	80	5	0
245	2	0	24	50	80	6	0
245	1	0	24	77	80	6	0
250	2	0	24	55	80	6	0
255	2	0	25	57	80	6	0
265	1	0	26	58	80	6	0
270	1	0	26	55	80	6	0
275	1	0	27	58	80	6	0
280	2	0	27	43	80	6	0
285	2	0	28	50	80	7	0
290	2	0	28	55	80	7	0
295	2	0	29	60	80	7	0
305	1	0	30	62	80	7	0
310	1	0	30	55	80	7	0
320	2	0	31	39	80	7	0
325	2	0	32	46	80	8	0
325	1	0	32	58	80	8	0
325	1	0	32	65	80	8	0
330	2	0	32	51	80	8	0
330	1	0	32	58	80	8	0
330	1	0	32	65	80	8	0
335	1	0	33	58	80	8	0
335	1	0	33	65	80	8	0
340	1	0	33	58	80	8	0
340	1	0	33	65	80	8	0
345	1	0	34	60	80	8	0
350	2	0	34	39	80	8	0
350	1	0	34	60	80	8	0
355	1	0	35	60	80	8	0
360	2	0	35	41	80	8	0
365	2	0	36	48	80	9	0
365	1	0	36	58	80	9	0
365	1	0	36	65	80	9	0
370	2	0	36	53	80	9	0
370	1	0	36	58	80	9	0
370	1	0	36	65	80	9	0
375	1	0	37	58	80	9	0
375	1	0	37	65	80	9	0
380	1	0	37	58	80	9	0
380	1	0	37	65	80	9	0
385	1	0	38	60	80	9	0
390	2	0	38	41	80	9	0
390	1	0	38	62	80	9	0
395	1	0	39	63	80	9	0
400	2	0	39	43	80	9	0
405	2	0	40	50	80	10	0
405	1	0	40	62	80	10	0
410	2	0	40	55	80	10	0
415	2	0	41	58	80	10	0
425	1	0	42	62	80	10	0
430	2	0	42	50	80	10	0
435	1	0	43	57	80	10	0
440	2	0	43	43	80	10	0
445	2	0	44	50	80	11	0
450	2	0	44	55	80	11	0
455	2	0	45	57	80	11	0
460	1	0	45	58	80	11	0
465	1	0	46	62	80	11	0
470	2	0	46	41	80	11	0
475	1	0	47	55	80	11	0
480	2	0	47	39	80	11	0
485	2	0	48	46	80	12	0
485	1	0	48	55	80	12	0
485	1	0	48	65	80	12	0
490	2	0	48	51	80	12	0
490	1	0	48	55	80	12	0
490	1	0	48	65	80	12	0
495	1	0	49	55	80	12	0
495	1	0	49	65	80	12	0
500	1	0	49	55	80	12	0
500	1	0	49	65	80	12	0
505	1	0	50	60	80	12	0
510	2	0	50	39	80	12	0
510	1	0	50	60	80	12	0
515	1	0	51	60	80	12	0
520	2	0	51	41	80	12	0
525	2	0	52	48	80	13	0
525	1	0	52	58	80	13	0
525	1	0	52	60	80	13	0
525	1	0	52	65	80	13	0
530	2	0	52	53	80	13	0
530	1	0	52	58	80	13	0
530	1	0	52	60	80	13	0
530	1	0	52	65	80	13	0
535	1	0	53	58	80	13	0
535	1	0	53	60	80	13	0
535	1	0	53	65	80	13	0
540	1	0	53	58	80	13	0
540	1	0	53	60	80	13	0
540	1	0	53	65	80	13	0
545	1	0	54	60	80	13	0
550	2	0	54	41	80	13	0
550	1	0	54	62	80	13	0
555	1	0	55	63	80	13	0
560	2	0	55	43	80	13	0
565	2	0	56	50	80	14	0
565	1	0	56	65	80	14	0
570	2	0	56	55	80	14	0
575	2	0	57	57	80	14	0
580	1	0	57	58	80	14	0
585	1	0	58	60	80	14	0
590	2	0	58	55	80	14	0
590	1	0	58	62	80	14	0
595	1	0	59	63	80	14	0
600	2	0	59	43	80	14	0
605	2	0	60	50	80	15	0
610	2	0	60	55	80	15	0
615	2	0	61	57	80	15	0
620	1	0	61	55	80	15	0
625	1	0	62	57	80	15	0
630	2	0	62	39	80	15	0
630	2	0	62	51	80	15	0
630	1	0	62	58	80	15	0
635	1	0	63	65	80	15	0
640	2	0	63	36	80	15	0
640	2	0	63	48	80	15	0
645	2	0	64	43	80	16	0
650	2	0	64	48	80	16	0
655	2	0	65	50	80	16	0
660	2	0	65	51	80	16	0
665	1	0	66	55	80	16	0
665	1	0	66	63	80	16	0
670	2	0	66	36	80	16	0
670	2	0	66	48	80	16	0
670	1	0	66	62	80	16	0
675	1	0	67	60	80	16	0
680	2	0	67	41	80	16	0
680	2	0	67	53	80	16	0
685	2	0	68	48	80	17	0
690	2	0	68	53	80	17	0
695	2	0	69	55	80	17	0
700	2	0	69	57	80	17	0
710	2	0	70	41	80	17	0
710	2	0	70	53	80	17	0
720	2	0	71	38	80	17	0
720	2	0	71	50	80	17	0
720	1	0	71	54	80	17	0
720	1	0	71	62	80	17	0
725	2	0	72	45	80	18	0
730	2	0	72	50	80	18	0
730	1	0	72	63	80	18	0
735	1	0	73	62	80	18	0
740	2	0	73	42	80	18	0
740	2	0	73	54	80	18	0
745	2	0	74	48	80	18	0
745	1	0	74	60	80	18	0
750	2	0	74	54	80	18	0
755	1	0	75	58	80	18	0
760	2	0	75	43	80	18	0
765	2	0	76	50	80	19	0
770	2	0	76	55	80	19	0
775	2	0	77	57	80	19	0
785	2	0	78	58	80	19	0
790	2	0	78	43	80	19	0
800	2	0	79	39	80	19	0
805	2	0	80	46	80	20	0
805	1	0	80	58	80	20	0
805	1	0	80	65	80	20	0
810	2	0	80	51	80	20	0
810	1	0	80	58	80	20	0
810	1	0	80	65	80	20	0
815	1	0	81	58	80	20	0
815	1	0	81	65	80	20	0
820	1	0	81	58	80	20	0
820	1	0	81	65	80	20	0
825	1	0	82	60	80	20	0
830	2	0	82	39	80	20	0
830	1	0	82	60	80	20	0
835	1	0	83	60	80	20	0
840	2	0	83	41	80	20	0
845	2	0	84	48	80	21	0
845	1	0	84	57	80	21	0
845	1	0	84	65	80	21	0
850	2	0	84	53	80	21	0
850	1	0	84	57	80	21	0
850	1	0	84	65	80	21	0
855	1	0	85	57	80	21	0
855	1	0	85	65	80	21	0
860	1	0	85	57	80	21	0
860	1	0	85	65	80	21	0
865	1	0	86	60	80	21	0
870	2	0	86	41	80	21	0
870	1	0	86	62	80	21	0
875	1	0	87	63	80	21	0
880	2	0	87	43	80	21	0
885	2	0	88	50	80	22	0
885	1	0	88	62	80	22	0
890	2	0	88	55	80	22	0
895	2	0	89	57	80	22	0
900	1	0	89	58	80	22	0
905	1	0	90	62	80	22	0
910	2	0	90	55	80	22	0
910	1	0	90	67	80	22	0
915	2	0	91	50	80	22	0
915	1	0	91	69	80	22	0
920	2	0	91	43	80	22	0
920	1	0	91	70	80	22	0
940	3	9	93	39	80	23	0
960	2	0	95	39	80	23	0
960	2	0	95	51	80	23	0
960	4	1	95	39	80	23	33
960	3	9	95	36	80	23	0
965	2	0	96	46	80	24	0
965	1	0	96	70	80	24	0
965	1	0	96	77	80	24	0
970	2	0	96	51	80	24	0
970	1	0	96	70	80	24	0
970	1	0	96	77	80	24	0
975	2	0	97	55	80	24	0
975	1	0	97	70	80	24	0
975	1	0	97	77	80	24	0
980	2	0	97	58	80	24	0
980	1	0	97	70	80	24	0
980	1	0	97	77	80	24	0
980	3	9	97	39	80	24	0
985	1	0	98	72	80	24	0
990	2	0	98	39	80	24	0
990	2	0	98	51	80	24	0
990	1	0	98	72	80	24	0
990	4	1	98	39	80	24	33
995	1	0	99	72	80	24	0
1000	2	0	99	41	80	24	0
1000	2	0	99	53	80	24	0
1000	4	1	99	41	80	24	33
1000	3	9	99	36	80	24	0
1005	2	0	100	48	80	25	0
1005	1	0	100	69	80	25	0
1005	1	0	100	77	80	25	0
1010	2	0	100	53	80	25	0
1010	1	0	100	69	80	25	0
1010	1	0	100	77	80	25	0
1015	2	0	101	57	80	25	0
1015	1	0	101	69	80	25	0
1015	1	0	101	77	80	25	0
1020	2	0	101	60	80	25	0
1020	1	0	101	69	80	25	0
1020	1	0	101	75	80	25	0
1020	1	0	101	77	80	25	0
1020	3	9	101	39	80	25	0
1025	1	0	102	72	80	25	0
1030	2	0	102	41	80	25	0
1030	2	0	102	53	80	25	0
1030	1	0	102	74	80	25	0
1030	4	1	102	41	80	25	33
1035	1	0	103	75	80	25	0
1040	2	0	103	43	80	25	0
1040	2	0	103	55	80	25	0
1040	4	1	103	43	80	25	33
1040	3	9	103	36	80	25	0
1045	2	0	104	50	80	26	0
1045	1	0	104	74	80	26	0
1050	2	0	104	55	80	26	0
1055	2	0	105	57	80	26	0
1060	1	0	105	58	80	26	0
1060	3	9	105	39	80	26	0
1065	1	0	106	62	80	26	0
1070	2	0	106	43	80	26	0
1070	2	0	106	55	80	26	0
1070	1	0	106	67	80	26	0
1070	4	1	106	43	80	26	33
1075	1	0	107	67	80	26	0
1080	2	0	107	43	80	26	0
1080	1	0	107	69	80	26	0
1080	4	1	107	43	80	26	33
1080	3	9	107	36	80	26	0
1085	2	0	108	50	80	27	0
1085	1	0	108	70	80	27	0
1087	3	9	108	36	80	27	0
1090	2	0	108	55	80	27	0
1090	1	0	108	69	80	27	0
1095	2	0	109	57	80	27	0
1095	1	0	109	67	80	27	0
1095	3	9	109	36	80	27	0
1100	2	0	109	58	80	27	0
1100	1	0	109	62	80	27	0
1100	3	9	109	39	80	27	0
1105	1	0	110	58	80	27	0
1105	3	9	110	36	80	27	0
1110	2	0	110	41	80	27	0
1110	2	0	110	53	80	27	0
1110	1	0	110	60	80	27	0
1110	4	1	110	41	80	27	33
1110	3	9	110	36	80	27	0
1115	3	9	111	39	80	27	0
1120	2	0	111	39	80	27	0
1120	2	0	111	51	80	27	0
1120	4	1	111	39	80	27	33
1120	3	9	111	36	80	27	0
1125	2	0	112	46	80	28	0
1125	1	0	112	70	80	28	0
1125	1	0	112	77	80	28	0
1130	2	0	112	51	80	28	0
1130	1	0	112	70	80	28	0
1130	1	0	112	77	80	28	0
1135	2	0	113	55	80	28	0
1135	1	0	113	70	80	28	0
1135	1	0	113	77	80	28	0
1140	2	0	113	58	80	28	0
1140	1	0	113	70	80	28	0
1140	1	0	113	77	80	28	0
1140	3	9	113	39	80	28	0
1145	1	0	114	72	80	28	0
1150	2	0	114	39	80	28	0
1150	2	0	114	51	80	28	0
1150	1	0	114	72	80	28	0
1150	4	1	114	39	80	28	33
1155	1	0	115	72	80	28	0
1160	2	0	115	41	80	28	0
1160	2	0	115	53	80	28	0
1160	4	1	115	41	80	28	33
1160	3	9	115	36	80	28	0
1165	2	0	116	48	80	29	0
1165	1	0	116	69	80	29	0
1165	1	0	116	77	80	29	0
1170	2	0	116	53	80	29	0
1170	1	0	116	69	80	29	0
1170	1	0	116	77	80	29	0
1175	2	0	117	57	80	29	0
1175	1	0	117	69	80	29	0
1175	1	0	117	77	80	29	0
1180	2	0	117	60	80	29	0
1180	1	0	117	69	80	29	0
1180	1	0	117	77	80	29	0
1180	3	9	117	39	80	29	0
1185	1	0	118	72	80	29	0
1190	2	0	118	41	80	29	0
1190	2	0	118	53	80	29	0
1190	1	0	118	74	80	29	0
1190	4	1	118	41	80	29	33
1195	1	0	119	75	80	29	0
1200	2	0	119	43	80	29	0
1200	2	0	119	55	80	29	0
1200	4	1	119	43	80	29	33
1200	3	9	119	36	80	29	0
1205	2	0	120	50	80	30	0
1205	1	0	120	67	80	30	0
1205	1	0	120	77	80	30	0
1210	2	0	120	55	80	30	0
1215	2	0	121	57	80	30	0
1220	3	9	121	39	80	30	0
1225	2	0	122	62	80	30	0
1230	2	0	122	58	80	30	0
1235	1	0	123	67	80	30	0
1235	1	0	123	70	80	30	0
1235	1	0	123	74	80	30	0
1240	2	0	123	43	80	30	0
1240	4	1	123	43	80	30	33
1240	3	9	123	36	80	30	0
1245	2	0	124	50	80	31	0
1245	1	0	124	67	80	31	0
1245	1	0	124	70	80	31	0
1245	1	0	124	75	80	31	0
1247	3	9	124	36	80	31	0
1250	2	0	124	55	80	31	0
1255	2	0	125	57	80	31	0
1255	1	0	125	67	80	31	0
1255	1	0	125	70	80	31	0
1255	1	0	125	74	80	31	0
1255	3	9	125	36	80	31	0
1260	1	0	125	67	80	31	0
1260	3	9	125	39	80	31	0
1265	1	0	126	69	80	31	0
1265	3	9	126	36	80	31	0
1270	2	0	126	39	80	31	0
1270	2	0	126	51	80	31	0
1270	1	0	126	70	80	31	0
1270	4	1	126	39	80	31	33
1270	3	9	126	36	80	31	0
1275	1	0	127	67	80	31	0
1275	1	0	127	77	80	31	0
1275	3	9	127	39	80	31	0
1280	2	0	127	36	80	31	0
1280	2	0	127	48	80	31	0
1280	4	1	127	36	80	31	33
1280	3	9	127	36	80	31	0
1285	2	0	128	43	80	32	0
1290	2	0	128	48	80	32	0
1295	2	0	129	50	80	32	0
1300	2	0	129	51	80	32	0
1300	3	9	129	39	80	32	0
1305	1	0	130	75	80	32	0
1310	2	0	130	48	80	32	0
1310	1	0	130	74	80	32	0
1310	4	1	130	36	80	32	33
1315	1	0	131	72	80	32	0
1320	2	0	131	41	80	32	0
1320	4	1	131	41	80	32	33
1320	3	9	131	36	80	32	0
1325	2	0	132	48	80	33	0
1330	2	0	132	53	80	33	0
1335	2	0	133	55	80	33	0
1340	2	0	133	57	80	33	0
1340	3	9	133	39	80	33	0
1350	2	0	134	39	80	33	0
1350	2	0	134	51	80	33	0
1350	4	1	134	39	80	33	33
1360	2	0	135	38	80	33	0
1360	2	0	135	50	80	33	0
1360	1	0	135	81	80	33	0
1360	4	1	135	38	80	33	33
1360	3	9	135	36	80	33	0
1365	2	0	136	45	80	34	0
1370	2	0	136	50	80	34	0
1370	1	0	136	74	80	34	0
1375	1	0	137	72	80	34	0
1380	2	0	137	42	80	34	0
1380	2	0	137	54	80	34	0
1380	4	1	137	42	80	34	33
1380	3	9	137	39	80	34	0
1385	2	0	138	50	80	34	0
1385	1	0	138	74	80	34	0
1390	2	0	138	54	80	34	0
1395	1	0	139	72	80	34	0
1400	2	0	139	43	80	34	0
1400	2	0	139	55	80	34	0
1400	4	1	139	43	80	34	33
1400	3	9	139	36	80	34	0
1405	2	0	140	50	80	35	0
1410	2	0	140	55	80	35	0
1415	2	0	141	57	80	35	0
1415	1	0	141	62	80	35	0
1415	1	0	141	67	80	35	0
1415	1	0	141	70	80	35	0
1420	2	0	141	58	80	35	0
1420	3	9	141	39	80	35	0
1425	2	0	142	62	80	35	0
1430	2	0	142	43	80	35	0
1430	2	0	142	55	80	35	0
1430	4	1	142	43	80	35	33
1440	2	0	143	39	80	35	0
1440	2	0	143	51	80	35	0
1440	4	1	143	39	80	35	33
1440	3	9	143	36	80	35	0
1445	2	0	144	46	80	36	0
1445	1	0	144	70	80	36	0
1445	1	0	144	77	80	36	0
1450	2	0	144	51	80	36	0
1450	1	0	144	70	80	36	0
1450	1	0	144	77	80	36	0
1455	2	0	145	55	80	36	0
1455	1	0	145	70	80	36	0
1455	1	0	145	77	80	36	0
1460	2	0	145	58	80	36	0
1460	1	0	145	70	80	36	0
1460	1	0	145	77	80	36	0
1460	3	9	145	39	80	36	0
1465	1	0	146	70	80	36	0
1465	1	0	146	72	80	36	0
1470	2	0	146	39	80	36	0
1470	2	0	146	51	80	36	0
1470	1	0	146	70	80	36	0
1470	1	0	146	72	80	36	0
1470	4	1	146	39	80	36	33
1475	1	0	147	70	80	36	0
1475	1	0	147	72	80	36	0
1480	2	0	147	41	80	36	0
1480	2	0	147	53	80	36	0
1480	4	1	147	41	80	36	33
1480	3	9	147	36	80	36	0
1485	2	0	148	48	80	37	0
1485	1	0	148	69	80	37	0
1485	1	0	148	77	80	37	0
1490	2	0	148	53	80	37	0
1490	1	0	148	69	80	37	0
1490	1	0	148	77	80	37	0
1495	2	0	149	57	80	37	0
1495	1	0	149	69	80	37	0
1495	1	0	149	77	80	37	0
1500	2	0	149	60	80	37	0
1500	1	0	149	69	80	37	0
1500	1	0	149	77	80	37	0
1500	3	9	149	39	80	37	0
1505	1	0	150	72	80	37	0
1510	2	0	150	53	80	37	0
1510	1	0	150	74	80	37	0
1510	4	1	150	41	80	37	33
1515	1	0	151	77	80	37	0
1520	2	0	151	43	80	37	0
1520	4	1	151	43	80	37	33
1520	3	9	151	36	80	37	0
1525	2	0	152	50	80	38	0
1525	1	0	152	71	80	38	0
1525	1	0	152	74	80	38	0
1525	1	0	152	79	80	38	0
1530	2	0	152	55	80	38	0
1535	2	0	153	57	80	38	0
1540	1	0	153	59	80	38	0
1540	3	9	153	39	80	38	0
1545	1	0	154	62	80	38	0
1550	2	0	154	47	80	38	0
1550	1	0	154	67	80	38	0
1550	4	1	154	47	80	38	33
1555	2	0	155	50	80	38	0
1555	1	0	155	71	80	38	0
1555	4	1	155	50	80	38	33
1558	1	0	155	71	80	38	0
1558	1	0	155	74	80	38	0
1559	1	0	155	79	80	38	0
1560	2	0	155	43	80	38	0
1560	4	1	155	43	80	38	33
1560	3	9	155	36	80	38	0
1590	1	0	158	70	80	39	0
1590	1	0	158	77	80	39	0
1595	1	0	158	70	80	39	0
1595	1	0	158	77	80	39	0
1600	2	0	159	39	80	39	0
1600	2	0	159	51	80	39	0
1600	4	1	159	39	80	39	33
1600	3	9	159	36	80	39	0
1605	2	0	159	46	80	39	0
1610	2	0	160	51	80	40	0
1610	1	0	160	63	80	40	0
1610	1	0	160	70	80	40	0
1615	2	0	160	55	80	40	0
1615	1	0	160	63	80	40	0
1615	1	0	160	70	80	40	0
1620	2	0	161	58	80	40	0
1620	3	9	161	39	80	40	0
1625	2	0	161	63	80	40	0
1630	2	0	162	51	80	40	0
1630	1	0	162	70	80	40	0
1630	1	0	162	77	80	40	0
1630	4	1	162	39	80	40	33
1635	1	0	162	70	80	40	0
1635	1	0	162	77	80	40	0
1640	2	0	163	41	80	40	0
1640	2	0	163	53	80	40	0
1640	4	1	163	41	80	40	33
1640	3	9	163	36	80	40	0
1645	2	0	163	48	80	40	0
1650	2	0	164	53	80	41	0
1650	1	0	164	65	80	41	0
1650	1	0	164	72	80	41	0
1655	2	0	164	57	80	41	0
1655	1	0	164	65	80	41	0
1655	1	0	164	72	80	41	0
1660	2	0	165	60	80	41	0
1660	3	9	165	39	80	41	0
1665	2	0	165	65	80	41	0
1670	2	0	166	53	80	41	0
1670	1	0	166	70	80	41	0
1670	4	1	166	41	80	41	33
1670	3	9	166	39	80	41	0
1675	1	0	166	72	80	41	0
1675	3	9	166	39	80	41	0
1680	2	0	167	46	80	41	0
1680	2	0	167	58	80	41	0
1680	1	0	167	65	80	41	0
1680	1	0	167	70	80	41	0
1680	1	0	167	74	80	41	0
1680	4	1	167	46	80	41	33
1680	3	9	167	36	80	41	0
1690	2	0	168	58	80	42	0
1690	1	0	168	65	80	42	0
1690	1	0	168	70	80	42	0
1690	1	0	168	74	80	42	0
1695	2	0	168	62	80	42	0
1695	1	0	168	65	80	42	0
1695	1	0	168	70	80	42	0
1695	1	0	168	74	80	42	0
1700	2	0	169	65	80	42	0
1700	3	9	169	39	80	42	0
1705	1	0	169	72	80	42	0
1710	2	0	170	46	80	42	0
1710	2	0	170	58	80	42	0
1710	4	1	170	46	80	42	33
1715	1	0	170	70	80	42	0
1720	2	0	171	43	80	42	0
1720	2	0	171	55	80	42	0
1720	1	0	171	67	80	42	0
1720	1	0	171	70	80	42	0
1720	1	0	171	74	80	42	0
1720	4	1	171	43	80	42	33
1720	3	9	171	36	80	42	0
1725	2	0	171	50	80	42	0
1730	2	0	172	55	80	43	0
1730	1	0	172	67	80	43	0
1730	1	0	172	77	80	43	0
1735	2	0	172	58	80	43	0
1735	1	0	172	67	80	43	0
1735	1	0	172	77	80	43	0
1740	2	0	173	62	80	43	0
1740	3	9	173	39	80	43	0
1745	2	0	173	67	80	43	0
1750	2	0	174	43	80	43	0
1750	2	0	174	55	80	43	0
1750	1	0	174	67	80	43	0
1750	1	0	174	77	80	43	0
1750	4	1	174	43	80	43	33
1750	3	9	174	39	80	43	0
1755	1	0	174	67	80	43	0
1755	1	0	174	77	80	43	0
1755	3	9	174	39	80	43	0
1760	2	0	175	39	80	43	0
1760	2	0	175	51	80	43	0
1760	4	1	175	39	80	43	33
1760	3	9	175	36	80	43	0
1765	2	0	175	46	80	43	0
1770	2	0	176	51	80	44	0
1770	1	0	176	67	80	44	0
1770	1	0	176	70	80	44	0
1775	2	0	176	55	80	44	0
1775	1	0	176	67	80	44	0
1775	1	0	176	70	80	44	0
1780	2	0	177	58	80	44	0
1780	3	9	177	39	80	44	0
1785	1	0	177	67	80	44	0
1790	2	0	178	39	80	44	0
1790	2	0	178	51	80	44	0
1790	1	0	178	67	80	44	0
1790	1	0	178	77	80	44	0
1790	4	1	178	39	80	44	33
1795	1	0	178	67	80	44	0
1795	1	0	178	77	80	44	0
1800	2	0	179	41	80	44	0
1800	2	0	179	53	80	44	0
1800	4	1	179	41	80	44	33
1800	3	9	179	36	80	44	0
1805	2	0	179	48	80	44	0
1810	2	0	180	53	80	45	0
1810	1	0	180	69	80	45	0
1810	1	0	180	72	80	45	0
1815	2	0	180	57	80	45	0
1815	1	0	180	69	80	45	0
1815	1	0	180	72	80	45	0
1820	2	0	181	60	80	45	0
1820	3	9	181	39	80	45	0
1825	1	0	181	74	80	45	0
1830	2	0	182	41	80	45	0
1830	2	0	182	53	80	45	0
1830	1	0	182	75	80	45	0
1830	4	1	182	41	80	45	33
1830	3	9	182	39	80	45	0
1835	1	0	182	74	80	45	0
1835	3	9	182	39	80	45	0
1840	2	0	183	46	80	45	0
1840	2	0	183	58	80	45	0
1840	4	1	183	46	80	45	33
1840	3	9	183	36	80	45	0
1845	2	0	183	53	80	45	0
1850	2	0	184	58	80	46	0
1855	2	0	184	62	80	46	0
1860	2	0	185	65	80	46	0
1860	3	9	185	39	80	46	0
1870	2	0	186	46	80	46	0
1870	2	0	186	58	80	46	0
1870	4	1	186	46	80	46	33
1875	1	0	186	62	80	46	0
1880	2	0	187	38	80	46	0
1880	2	0	187	50	80	46	0
1880	1	0	187	62	80	46	0
1880	1	0	187	66	80	46	0
1880	1	0	187	69	80	46	0
1880	4	1	187	38	80	46	33
1880	3	9	187	36	80	46	0
1885	2	0	187	45	80	46	0
1890	2	0	188	50	80	47	0
1895	1	0	188	62	80	47	0
1900	2	0	189	42	80	47	0
1900	2	0	189	54	80	47	0
1900	1	0	189	62	80	47	0
1900	1	0	189	66	80	47	0
1900	1	0	189	69	80	47	0
1900	4	1	189	42	80	47	33
1900	3	9	189	39	80	47	0
1905	2	0	189	50	80	47	0
1910	2	0	190	54	80	47	0
1910	1	0	190	69	80	47	0
1910	1	0	190	77	80	47	0
1910	3	9	190	39	80	47	0
1915	1	0	190	69	80	47	0
1915	1	0	190	77	80	47	0
1915	3	9	190	39	80	47	0
1920	2	0	191	39	80	47	0
1920	2	0	191	51	80	47	0
1920	4	1	191	39	80	47	33
1920	3	9	191	36	80	47	0
1925	2	0	191	46	80	47	0
1930	2	0	192	51	80	48	0
1930	1	0	192	67	80	48	0
1930	1	0	192	70	80	48	0
1935	2	0	192	55	80	48	0
1935	1	0	192	67	80	48	0
1935	1	0	192	70	80	48	0
1940	2	0	193	58	80	48	0
1940	3	9	193	39	80	48	0
1945	1	0	193	67	80	48	0
1950	2	0	194	39	80	48	0
1950	2	0	194	51	80	48	0
1950	1	0	194	70	80	48	0
1950	1	0	194	77	80	48	0
1950	4	1	194	39	80	48	33
1955	1	0	194	70	80	48	0
1955	1	0	194	77	80	48	0
1960	2	0	195	41	80	48	0
1960	2	0	195	53	80	48	0
1960	4	1	195	41	80	48	33
1960	3	9	195	36	80	48	0
1965	2	0	195	48	80	48	0
1970	2	0	196	53	80	49	0
1970	1	0	196	69	80	49	0
1970	1	0	196	72	80	49	0
1975	2	0	196	57	80	49	0
1975	1	0	196	69	80	49	0
1975	1	0	196	72	80	49	0
1980	2	0	197	60	80	49	0
1980	3	9	197	39	80	49	0
1985	1	0	197	69	80	49	0
1990	2	0	198	41	80	49	0
1990	2	0	198	53	80	49	0
1990	1	0	198	70	80	49	0
1990	4	1	198	41	80	49	33
1990	3	9	198	39	80	49	0
1995	1	0	198	72	80	49	0
1995	3	9	198	39	80	49	0
2000	2	0	199	43	80	49	0
2000	2	0	199	55	80	49	0
2000	1	0	199	67	80	49	0
2000	1	0	199	70	80	49	0
2000	1	0	199	74	80	49	0
2000	4	1	199	43	80	49	33
2000	3	9	199	36	80	49	0
2005	2	0	199	50	80	49	0
2010	2	0	200	55	80	50	0
2010	1	0	200	67	80	50	0
2010	1	0	200	70	80	50	0
2010	1	0	200	74	80	50	0
2015	2	0	200	58	80	50	0
2015	1	0	200	67	80	50	0
2015	1	0	200	70	80	50	0
2015	1	0	200	74	80	50	0
2020	2	0	201	62	80	50	0
2020	3	9	201	39	80	50	0
2025	1	0	201	74	80	50	0
2025	1	0	201	79	80	50	0
2025	1	0	201	82	80	50	0
2030	2	0	202	43	80	50	0
2030	2	0	202	55	80	50	0
2030	4	1	202	43	80	50	33
2035	1	0	202	74	80	50	0
2040	2	0	203	38	80	50	0
2040	2	0	203	50	80	50	0
2040	1	0	203	74	80	50	0
2040	1	0	203	77	80	50	0
2040	1	0	203	81	80	50	0
2040	4	1	203	38	80	50	33
2040	3	9	203	36	80	50	0
2045	2	0	203	45	80	50	0
2050	2	0	204	50	80	51	0
2055	2	0	204	53	80	51	0
2055	1	0	204	69	80	51	0
2055	1	0	204	77	80	51	0
2060	2	0	205	57	80	51	0
2060	3	9	205	39	80	51	0
2065	1	0	205	67	80	51	0
2070	2	0	206	38	80	51	0
2070	2	0	206	50	80	51	0
2070	1	0	206	67	80	51	0
2070	1	0	206	77	80	51	0
2070	4	1	206	38	80	51	33
2070	3	9	206	39	80	51	0
2075	1	0	206	67	80	51	0
2075	1	0	206	77	80	51	0
2075	3	9	206	39	80	51	0
2080	2	0	207	39	80	51	0
2080	2	0	207	51	80	51	0
2080	4	1	207	39	80	51	33
2080	3	9	207	36	80	51	0
2085	2	0	207	46	80	51	0
2090	2	0	208	51	80	52	0
2090	1	0	208	67	80	52	0
2090	1	0	208	70	80	52	0
2095	2	0	208	55	80	52	0
2095	1	0	208	67	80	52	0
2095	1	0	208	70	80	52	0
2100	2	0	209	58	80	52	0
2100	3	9	209	39	80	52	0
2105	1	0	209	67	80	52	0
2110	2	0	210	39	80	52	0
2110	2	0	210	51	80	52	0
2110	1	0	210	70	80	52	0
2110	1	0	210	77	80	52	0
2110	4	1	210	39	80	52	33
2115	1	0	210	70	80	52	0
2115	1	0	210	77	80	52	0
2120	2	0	211	41	80	52	0
2120	2	0	211	53	80	52	0
2120	4	1	211	41	80	52	33
2120	3	9	211	36	80	52	0
2125	2	0	211	48	80	52	0
2130	2	0	212	53	80	53	0
2130	1	0	212	69	80	53	0
2130	1	0	212	72	80	53	0
2135	2	0	212	57	80	53	0
2135	1	0	212	69	80	53	0
2135	1	0	212	72	80	53	0
2140	2	0	213	60	80	53	0
2140	3	9	213	39	80	53	0
2145	1	0	213	70	80	53	0
2150	2	0	214	41	80	53	0
2150	2	0	214	53	80	53	0
2150	1	0	214	72	80	53	0
2150	4	1	214	41	80	53	33
2150	3	9	214	39	80	53	0
2155	1	0	214	62	80	53	0
2155	1	0	214	70	80	53	0
2155	3	9	214	39	80	53	0
2160	2	0	215	46	80	53	0
2160	4	1	215	46	80	53	33
2160	3	9	215	36	80	53	0
2165	2	0	215	53	80	53	0
2170	2	0	216	58	80	54	0
2175	2	0	216	62	80	54	0
2185	2	0	217	58	80	54	0
2190	2	0	218	53	80	54	0
2195	2	0	218	50	80	54	0
2200	2	0	219	46	80	54	0
2200	3	9	219	36	80	54	0
2220	1	0	221	74	80	55	0
2225	1	0	221	72	80	55	0
2230	1	0	222	70	80	55	0
2235	1	0	222	69	80	55	0
2240	2	0	223	43	80	55	0
2240	1	0	223	70	80	55	0
2245	2	0	223	50	80	55	0
2250	2	0	224	55	80	56	0
2255	2	0	224	57	80	56	0
2260	2	0	225	58	80	56	0
2265	1	0	225	70	80	56	0
2270	2	0	226	55	80	56	0
2275	1	0	226	65	80	56	0
2280	2	0	227	41	80	56	0
2280	2	0	227	53	80	56	0
2280	1	0	227	65	80	56	0
2280	1	0	227	72	80	56	0
2285	2	0	227	48	80	56	0
2290	2	0	228	53	80	57	0
2295	2	0	228	57	80	57	0
2300	2	0	229	60	80	57	0
2300	1	0	229	65	80	57	0
2300	1	0	229	74	80	57	0
2305	1	0	229	72	80	57	0
2310	2	0	230	41	80	57	0
2310	2	0	230	53	80	57	0
2310	1	0	230	70	80	57	0
2315	1	0	230	69	80	57	0
2320	2	0	231	39	80	57	0
2320	2	0	231	51	80	57	0
2320	1	0	231	63	80	57	0
2320	1	0	231	70	80	57	0
2325	2	0	231	46	80	57	0
2330	2	0	232	51	80	58	0
2335	2	0	232	55	80	58	0
2340	2	0	233	58	80	58	0
2345	1	0	233	63	80	58	0
2345	1	0	233	70	80	58	0
2350	2	0	234	39	80	58	0
2350	2	0	234	51	80	58	0
2355	1	0	234	62	80	58	0
2360	2	0	235	41	80	58	0
2360	2	0	235	53	80	58	0
2360	1	0	235	60	80	58	0
2360	1	0	235	69	80	58	0
2365	2	0	235	48	80	58	0
2370	2	0	236	53	80	59	0
2375	2	0	236	57	80	59	0
2380	2	0	237	60	80	59	0
2380	1	0	237	65	80	59	0
2380	1	0	237	74	80	59	0
2385	1	0	237	72	80	59	0
2390	2	0	238	41	80	59	0
2390	2	0	238	53	80	59	0
2390	1	0	238	70	80	59	0
2395	1	0	238	69	80	59	0
2400	2	0	239	43	80	59	0
2400	2	0	239	55	80	59	0
2400	1	0	239	62	80	59	0
2400	1	0	239	67	80	59	0
2400	1	0	239	70	80	59	0
2405	2	0	239	50	80	59	0
2410	2	0	240	55	80	60	0
2415	2	0	240	58	80	60	0
2420	2	0	241	62	80	60	0
2425	1	0	241	62	80	60	0
2425	1	0	241	67	80	60	0
2425	1	0	241	70	80	60	0
2430	2	0	242	55	80	60	0
2435	1	0	242	67	80	60	0
2440	2	0	243	41	80	60	0
2440	2	0	243	53	80	60	0
2440	1	0	243	65	80	60	0
2440	1	0	243	72	80	60	0
2445	2	0	243	48	80	60	0
2450	2	0	244	53	80	61	0
2455	2	0	244	57	80	61	0
2455	1	0	244	72	80	61	0
2455	1	0	244	79	80	61	0
2460	2	0	245	60	80	61	0
2465	1	0	245	72	80	61	0
2465	1	0	245	77	80	61	0
2470	2	0	246	41	80	61	0
2470	2	0	246	53	80	61	0
2475	1	0	246	67	80	61	0
2480	2	0	247	43	80	61	0
2480	1	0	247	67	80	61	0
2480	1	0	247	74	80	61	0
2485	2	0	247	50	80	61	0
2490	2	0	248	55	80	62	0
2495	2	0	248	57	80	62	0
2500	2	0	249	58	80	62	0
2505	2	0	249	62	80	62	0
2510	2	0	250	57	80	62	0
2515	2	0	250	58	80	62	0
2520	2	0	251	43	80	62	0
2525	2	0	251	50	80	62	0
2530	2	0	252	55	80	63	0
2535	2	0	252	57	80	63	0
2540	2	0	253	43	80	63	0
2540	2	0	253	55	80	63	0
2540	1	0	253	74	80	63	0
2540	4	1	253	50	80	63	33
2540	4	1	253	62	80	63	33
2545	1	0	253	72	80	63	0
2545	4	1	253	48	80	63	33
2545	4	1	253	60	80	63	33
2550	2	0	254	41	80	63	0
2550	2	0	254	53	80	63	0
2550	1	0	254	70	80	63	0
2550	4	1	254	46	80	63	33
2550	4	1	254	58	80	63	33
2555	1	0	254	69	80	63	0
2555	4	1	254	45	80	63	33
2555	4	1	254	57	80	63	33
2560	2	0	255	39	80	63	0
2560	2	0	255	51	80	63	0
2560	1	0	255	63	80	63	0
2560	1	0	255	70	80	63	0
2560	4	1	255	39	80	63	33
2560	3	9	255	36	80	63	0
2565	2	0	255	46	80	63	0
2570	2	0	256	51	80	64	0
2575	2	0	256	55	80	64	0
2580	2	0	257	58	80	64	0
2580	3	9	257	39	80	64	0
2585	1	0	257	63	80	64	0
2585	1	0	257	70	80	64	0
2590	2	0	258	39	80	64	0
2590	2	0	258	51	80	64	0
2590	4	1	258	39	80	64	33
2595	1	0	258	65	80	64	0
2600	2	0	259	41	80	64	0
2600	2	0	259	53	80	64	0
2600	1	0	259	65	80	64	0
2600	1	0	259	72	80	64	0
2600	4	1	259	41	80	64	33
2600	3	9	259	36	80	64	0
2605	2	0	259	48	80	64	0
2610	2	0	260	53	80	65	0
2615	2	0	260	57	80	65	0
2620	2	0	261	60	80	65	0
2620	1	0	261	65	80	65	0
2620	1	0	261	74	80	65	0
2620	3	9	261	39	80	65	0
2625	1	0	261	72	80	65	0
2630	2	0	262	41	80	65	0
2630	2	0	262	53	80	65	0
2630	1	0	262	70	80	65	0
2630	4	1	262	41	80	65	33
2635	1	0	262	69	80	65	0
2640	2	0	263	39	80	65	0
2640	2	0	263	51	80	65	0
2640	1	0	263	63	80	65	0
2640	1	0	263	70	80	65	0
2640	4	1	263	39	80	65	33
2640	3	9	263	36	80	65	0
2645	2	0	263	46	80	65	0
2650	2	0	264	51	80	66	0
2655	2	0	264	55	80	66	0
2660	2	0	265	58	80	66	0
2660	3	9	265	39	80	66	0
2665	1	0	265	63	80	66	0
2665	1	0	265	70	80	66	0
2670	2	0	266	39	80	66	0
2670	2	0	266	51	80	66	0
2670	4	1	266	39	80	66	33
2675	1	0	266	62	80	66	0
2680	2	0	267	38	80	66	0
2680	2	0	267	50	80	66	0
2680	1	0	267	62	80	66	0
2680	1	0	267	69	80	66	0
2680	4	1	267	38	80	66	33
2680	3	9	267	36	80	66	0
2685	2	0	267	45	80	66	0
2690	2	0	268	50	80	67	0
2695	2	0	268	53	80	67	0
2700	2	0	269	57	80	67	0
2700	1	0	269	65	80	67	0
2700	1	0	269	74	80	67	0
2700	3	9	269	39	80	67	0
2705	1	0	269	72	80	67	0
2710	2	0	270	38	80	67	0
2710	2	0	270	50	80	67	0
2710	1	0	270	70	80	67	0
2710	4	1	270	38	80	67	33
2715	1	0	270	69	80	67	0
2720	2	0	271	36	80	67	0
2720	2	0	271	48	80	67	0
2720	1	0	271	63	80	67	0
2720	1	0	271	70	80	67	0
2720	4	1	271	36	80	67	33
2720	3	9	271	36	80	67	0
2725	2	0	271	43	80	67	0
2730	2	0	272	48	80	68	0
2735	2	0	272	51	80	68	0
2740	2	0	273	55	80	68	0
2740	3	9	273	39	80	68	0
2745	1	0	273	63	80	68	0
2745	1	0	273	70	80	68	0
2750	2	0	274	36	80	68	0
2750	2	0	274	48	80	68	0
2750	4	1	274	36	80	68	33
2755	1	0	274	65	80	68	0
2760	2	0	275	41	80	68	0
2760	2	0	275	53	80	68	0
2760	1	0	275	65	80	68	0
2760	1	0	275	72	80	68	0
2760	4	1	275	41	80	68	33
2760	3	9	275	36	80	68	0
2765	2	0	275	48	80	68	0
2770	2	0	276	53	80	69	0
2775	2	0	276	57	80	69	0
2775	1	0	276	72	80	69	0
2775	1	0	276	79	80	69	0
2780	2	0	277	60	80	69	0
2780	3	9	277	39	80	69	0
2785	1	0	277	72	80	69	0
2785	1	0	277	77	80	69	0
2790	2	0	278	41	80	69	0
2790	2	0	278	53	80	69	0
2790	4	1	278	41	80	69	33
2795	1	0	278	72	80	69	0
2800	2	0	279	43	80	69	0
2800	1	0	279	71	80	69	0
2800	1	0	279	74	80	69	0
2800	1	0	279	79	80	69	0
2800	4	1	279	43	80	69	33
2800	3	9	279	36	80	69	0
2805	2	0	279	50	80	69	0
2810	2	0	280	55	80	70	0
2815	2	0	280	57	80	70	0
2820	1	0	281	59	80	70	0
2820	3	9	281	39	80	70	0
2825	1	0	281	62	80	70	0
2830	2	0	282	45	80	70	0
2830	1	0	282	67	80	70	0
2830	4	1	282	45	80	70	33
2835	2	0	282	47	80	70	0
2835	1	0	282	71	80	70	0
2835	4	1	282	47	80	70	33
2838	1	0	282	71	80	70	0
2838	1	0	282	74	80	70	0
2839	1	0	283	79	80	70	0
2840	2	0	283	43	80	70	0
2840	4	1	283	43	80	70	33
2840	3	9	283	36	80	70	0
2870	1	0	286	70	80	71	0
2870	1	0	286	77	80	71	0
2875	1	0	286	70	80	71	0
2875	1	0	286	77	80	71	0
2880	2	0	287	39	80	71	0
2880	2	0	287	51	80	71	0
2880	4	1	287	39	80	71	33
2880	3	9	287	36	80	71	0
2885	2	0	287	46	80	71	0
2890	2	0	288	51	80	72	0
2890	1	0	288	63	80	72	0
2890	1	0	288	70	80	72	0
2895	2	0	288	55	80	72	0
2895	1	0	288	63	80	72	0
2895	1	0	288	70	80	72	0
2900	2	0	289	58	80	72	0
2900	3	9	289	39	80	72	0
2905	2	0	289	63	80	72	0
2910	2	0	290	51	80	72	0
2910	1	0	290	70	80	72	0
2910	1	0	290	77	80	72	0
2910	4	1	290	39	80	72	33
2915	1	0	290	70	80	72	0
2915	1	0	290	77	80	72	0
2920	2	0	291	41	80	72	0
2920	2	0	291	53	80	72	0
2920	4	1	291	41	80	72	33
2920	3	9	291	36	80	72	0
2925	2	0	291	48	80	72	0
2930	2	0	292	53	80	73	0
2930	1	0	292	65	80	73	0
2930	1	0	292	72	80	73	0
2935	2	0	292	57	80	73	0
2935	1	0	292	65	80	73	0
2935	1	0	292	72	80	73	0
2940	2	0	293	60	80	73	0
2940	3	9	293	39	80	73	0
2945	2	0	293	65	80	73	0
2950	2	0	294	53	80	73	0
2950	1	0	294	70	80	73	0
2950	4	1	294	41	80	73	33
2950	3	9	294	39	80	73	0
2955	1	0	294	72	80	73	0
2955	3	9	294	39	80	73	0
2960	2	0	295	46	80	73	0
2960	2	0	295	58	80	73	0
2960	1	0	295	65	80	73	0
2960	1	0	295	70	80	73	0
2960	1	0	295	74	80	73	0
2960	4	1	295	46	80	73	33
2960	3	9	295	36	80	73	0
2970	2	0	296	58	80	74	0
2970	1	0	296	65	80	74	0
2970	1	0	296	70	80	74	0
2970	1	0	296	74	80	74	0
2975	2	0	296	62	80	74	0
2975	1	0	296	65	80	74	0
2975	1	0	296	70	80	74	0
2975	1	0	296	74	80	74	0
2980	2	0	297	65	80	74	0
2980	3	9	297	39	80	74	0
2985	1	0	297	72	80	74	0
2990	2	0	298	46	80	74	0
2990	2	0	298	58	80	74	0
2990	4	1	298	46	80	74	33
2995	1	0	298	70	80	74	0
3000	2	0	299	43	80	74	0
3000	2	0	299	55	80	74	0
3000	1	0	299	67	80	74	0
3000	1	0	299	70	80	74	0
3000	1	0	299	74	80	74	0
3000	4	1	299	43	80	74	33
3000	3	9	299	36	80	74	0
3005	2	0	299	50	80	74	0
3010	2	0	300	55	80	75	0
3010	1	0	300	67	80	75	0
3010	1	0	300	77	80	75	0
3015	2	0	300	58	80	75	0
3015	1	0	300	67	80	75	0
3015	1	0	300	77	80	75	0
3020	2	0	301	62	80	75	0
3020	3	9	301	39	80	75	0
3025	2	0	301	67	80	75	0
3030	2	0	302	43	80	75	0
3030	2	0	302	55	80	75	0
3030	1	0	302	67	80	75	0
3030	1	0	302	77	80	75	0
3030	4	1	302	43	80	75	33
3030	3	9	302	39	80	75	0
3035	1	0	302	67	80	75	0
3035	1	0	302	77	80	75	0
3035	3	9	302	39	80	75	0
3040	2	0	303	39	80	75	0
3040	2	0	303	51	80	75	0
3040	4	1	303	39	80	75	33
3040	3	9	303	36	80	75	0
3045	2	0	303	46	80	75	0
3050	2	0	304	51	80	76	0
3050	1	0	304	67	80	76	0
3050	1	0	304	70	80	76	0
3055	2	0	304	55	80	76	0
3055	1	0	304	67	80	76	0
3055	1	0	304	70	80	76	0
3060	2	0	305	58	80	76	0
3060	3	9	305	39	80	76	0
3065	1	0	305	67	80	76	0
3070	2	0	306	39	80	76	0
3070	2	0	306	51	80	76	0
3070	1	0	306	67	80	76	0
3070	1	0	306	77	80	76	0
3070	4	1	306	39	80	76	33
3075	1	0	306	67	80	76	0
3075	1	0	306	77	80	76	0
3080	2	0	307	41	80	76	0
3080	2	0	307	53	80	76	0
3080	4	1	307	41	80	76	33
3080	3	9	307	36	80	76	0
3085	2	0	307	48	80	76	0
3090	2	0	308	53	80	77	0
3090	1	0	308	69	80	77	0
3090	1	0	308	72	80	77	0
3095	2	0	308	57	80	77	0
3095	1	0	308	69	80	77	0
3095	1	0	308	72	80	77	0
3100	2	0	308	60	80	77	0
3100	3	9	308	39	80	77	0
3105	1	0	309	74	80	77	0
3110	2	0	309	41	80	77	0
3110	2	0	309	53	80	77	0
3110	1	0	309	75	80	77	0
3110	4	1	309	41	80	77	33
3110	3	9	309	39	80	77	0
3115	1	0	310	74	80	77	0
3115	3	9	310	39	80	77	0
3120	2	0	310	46	80	77	0
3120	2	0	310	58	80	77	0
3120	4	1	310	46	80	77	33
3120	3	9	310	36	80	77	0
3125	2	0	311	53	80	77	0
3130	2	0	311	58	80	77	0
3135	2	0	312	62	80	78	0
3140	2	0	312	65	80	78	0
3140	3	9	312	39	80	78	0
3150	2	0	313	46	80	78	0
3150	2	0	313	58	80	78	0
3150	4	1	313	46	80	78	33
3155	1	0	314	62	80	78	0
3160	2	0	314	38	80	78	0
3160	2	0	314	50	80	78	0
3160	1	0	314	62	80	78	0
3160	1	0	314	66	80	78	0
3160	1	0	314	69	80	78	0
3160	4	1	314	38	80	78	33
3160	3	9	314	36	80	78	0
3165	2	0	315	45	80	78	0
3170	2	0	315	50	80	78	0
3175	1	0	316	62	80	79	0
3180	2	0	316	42	80	79	0
3180	2	0	316	54	80	79	0
3180	1	0	316	62	80	79	0
3180	1	0	316	66	80	79	0
3180	1	0	316	69	80	79	0
3180	4	1	316	42	80	79	33
3180	3	9	316	39	80	79	0
3185	2	0	317	50	80	79	0
3190	2	0	317	54	80	79	0
3190	1	0	317	69	80	79	0
3190	1	0	317	77	80	79	0
3190	3	9	317	39	80	79	0
3195	1	0	318	69	80	79	0
3195	1	0	318	77	80	79	0
3195	3	9	318	39	80	79	0
3200	2	0	318	39	80	79	0
3200	2	0	318	51	80	79	0
3200	4	1	318	39	80	79	33
3200	3	9	318	36	80	79	0
3205	2	0	319	46	80	79	0
3210	2	0	319	51	80	79	0
3210	1	0	319	67	80	79	0
3210	1	0	319	70	80	79	0
3215	2	0	320	55	80	80	0
3215	1	0	320	67	80	80	0
3215	1	0	320	70	80	80	0
3220	2	0	320	58	80	80	0
3220	3	9	320	39	80	80	0
3225	1	0	321	67	80	80	0
3230	2	0	321	39	80	80	0
3230	2	0	321	51	80	80	0
3230	1	0	321	70	80	80	0
3230	1	0	321	77	80	80	0
3230	4	1	321	39	80	80	33
3235	1	0	322	70	80	80	0
3235	1	0	322	77	80	80	0
3240	2	0	322	41	80	80	0
3240	2	0	322	53	80	80	0
3240	4	1	322	41	80	80	33
3240	3	9	322	36	80	80	0
3245	2	0	323	48	80	80	0
3250	2	0	323	53	80	80	0
3250	1	0	323	69	80	80	0
3250	1	0	323	72	80	80	0
3255	2	0	324	57	80	81	0
3255	1	0	324	69	80	81	0
3255	1	0	324	72	80	81	0
3260	2	0	324	60	80	81	0
3260	3	9	324	39	80	81	0
3265	1	0	325	69	80	81	0
3270	2	0	325	41	80	81	0
3270	2	0	325	53	80	81	0
3270	1	0	325	70	80	81	0
3270	4	1	325	41	80	81	33
3270	3	9	325	39	80	81	0
3275	1	0	326	72	80	81	0
3275	3	9	326	39	80	81	0
3280	2	0	326	43	80	81	0
3280	2	0	326	55	80	81	0
3280	1	0	326	67	80	81	0
3280	1	0	326	70	80	81	0
3280	1	0	326	74	80	81	0
3280	4	1	326	43	80	81	33
3280	3	9	326	36	80	81	0
3285	2	0	327	50	80	81	0
3290	2	0	327	55	80	81	0
3290	1	0	327	67	80	81	0
3290	1	0	327	70	80	81	0
3290	1	0	327	74	80	81	0
3295	2	0	328	58	80	82	0
3295	1	0	328	67	80	82	0
3295	1	0	328	70	80	82	0
3295	1	0	328	74	80	82	0
3300	2	0	328	62	80	82	0
3300	3	9	328	39	80	82	0
3305	1	0	329	74	80	82	0
3305	1	0	329	79	80	82	0
3305	1	0	329	82	80	82	0
3310	2	0	329	43	80	82	0
3310	2	0	329	55	80	82	0
3310	4	1	329	43	80	82	33
3315	1	0	330	74	80	82	0
3320	2	0	330	38	80	82	0
3320	2	0	330	50	80	82	0
3320	1	0	330	74	80	82	0
3320	1	0	330	77	80	82	0
3320	1	0	330	81	80	82	0
3320	4	1	330	38	80	82	33
3320	3	9	330	36	80	82	0
3325	2	0	331	45	80	82	0
3330	2	0	331	50	80	82	0
3335	2	0	332	53	80	83	0
3335	1	0	332	69	80	83	0
3335	1	0	332	77	80	83	0
3340	2	0	332	57	80	83	0
3340	3	9	332	39	80	83	0
3345	1	0	333	67	80	83	0
3350	2	0	333	38	80	83	0
3350	2	0	333	50	80	83	0
3350	1	0	333	67	80	83	0
3350	1	0	333	77	80	83	0
3350	4	1	333	38	80	83	33
3350	3	9	333	39	80	83	0
3355	1	0	334	67	80	83	0
3355	1	0	334	77	80	83	0
3355	3	9	334	39	80	83	0
3360	2	0	334	39	80	83	0
3360	2	0	334	51	80	83	0
3360	4	1	334	39	80	83	33
3360	3	9	334	36	80	83	0
3365	2	0	335	46	80	83	0
3370	2	0	335	51	80	83	0
3370	1	0	335	67	80	83	0
3370	1	0	335	70	80	83	0
3375	2	0	336	55	80	84	0
3375	1	0	336	67	80	84	0
3375	1	0	336	70	80	84	0
3380	2	0	336	58	80	84	0
3380	3	9	336	39	80	84	0
3385	1	0	337	67	80	84	0
3390	2	0	337	39	80	84	0
3390	2	0	337	51	80	84	0
3390	1	0	337	70	80	84	0
3390	1	0	337	77	80	84	0
3390	4	1	337	39	80	84	33
3395	1	0	338	70	80	84	0
3395	1	0	338	77	80	84	0
3400	2	0	338	41	80	84	0
3400	2	0	338	53	80	84	0
3400	4	1	338	41	80	84	33
3400	3	9	338	36	80	84	0
3405	2	0	339	48	80	84	0
3410	2	0	339	53	80	84	0
3410	1	0	339	69	80	84	0
3410	1	0	339	72	80	84	0
3415	2	0	340	57	80	85	0
3415	1	0	340	69	80	85	0
3415	1	0	340	72	80	85	0
3420	2	0	340	60	80	85	0
3420	3	9	340	39	80	85	0
3425	1	0	341	70	80	85	0
3430	2	0	341	41	80	85	0
3430	2	0	341	53	80	85	0
3430	1	0	341	72	80	85	0
3430	4	1	341	41	80	85	33
3430	3	9	341	39	80	85	0
3435	1	0	342	62	80	85	0
3435	1	0	342	70	80	85	0
3435	3	9	342	39	80	85	0
3440	2	0	342	46	80	85	0
3440	4	1	342	46	80	85	33
3440	3	9	342	36	80	85	0
3445	2	0	343	53	80	85	0
3450	2	0	343	58	80	85	0
3455	2	0	344	62	80	86	0
3465	2	0	345	58	80	86	0
3470	2	0	345	53	80	86	0
3475	2	0	346	50	80	86	0
3480	2	0	346	46	80	86	0
3510	2	0	349	67	80	87	0
3510	1	0	349	79	80	87	0
3510	1	0	349	91	80	87	0
3515	2	0	350	67	80	87	0
3515	1	0	350	79	80	87	0
3515	1	0	350	91	80	87	0
3520	2	0	350	41	80	87	0
3520	2	0	350	53	80	87	0
3520	4	1	350	41	80	87	33
3520	3	9	350	36	80	87	0
3525	2	0	351	48	80	87	0
3530	2	0	351	53	80	87	0
3530	2	0	351	67	80	87	0
3530	1	0	351	79	80	87	0
3530	1	0	351	84	80	87	0
3535	2	0	352	57	80	88	0
3535	2	0	352	67	80	88	0
3535	1	0	352	79	80	88	0
3535	1	0	352	84	80	88	0
3540	2	0	352	60	80	88	0
3540	3	9	352	39	80	88	0
3545	2	0	353	67	80	88	0
3550	2	0	353	53	80	88	0
3550	2	0	353	67	80	88	0
3550	1	0	353	79	80	88	0
3550	1	0	353	91	80	88	0
3555	2	0	354	67	80	88	0
3555	1	0	354	79	80	88	0
3555	1	0	354	91	80	88	0
3560	2	0	354	43	80	88	0
3560	2	0	354	55	80	88	0
3560	4	1	354	43	80	88	33
3560	3	9	354	36	80	88	0
3565	2	0	355	50	80	88	0
3570	2	0	355	55	80	88	0
3570	1	0	355	67	80	88	0
3570	1	0	355	74	80	88	0
3575	2	0	356	59	80	89	0
3575	1	0	356	67	80	89	0
3575	1	0	356	74	80	89	0
3580	2	0	356	62	80	89	0
3580	3	9	356	39	80	89	0
3585	1	0	357	67	80	89	0
3590	2	0	357	43	80	89	0
3590	2	0	357	55	80	89	0
3590	1	0	357	72	80	89	0
3590	3	9	357	39	80	89	0
3595	1	0	358	74	80	89	0
3595	3	9	358	39	80	89	0
3600	2	0	358	36	80	89	0
3600	2	0	358	48	80	89	0
3600	1	0	358	67	80	89	0
3600	1	0	358	76	80	89	0
3600	4	1	358	36	80	89	33
3600	3	9	358	36	80	89	0
3605	2	0	359	43	80	89	0
3610	2	0	359	48	80	89	0
3610	1	0	359	67	80	89	0
3610	1	0	359	76	80	89	0
3615	2	0	360	52	80	90	0
3615	1	0	360	67	80	90	0
3615	1	0	360	76	80	90	0
3620	2	0	360	55	80	90	0
3620	3	9	360	39	80	90	0
3625	1	0	361	67	80	90	0
3625	1	0	361	74	80	90	0
3630	2	0	361	48	80	90	0
3635	1	0	362	67	80	90	0
3640	2	0	362	45	80	90	0
3640	2	0	362	57	80	90	0
3640	1	0	362	69	80	90	0
3640	1	0	362	76	80	90	0
3640	4	1	362	45	80	90	33
3640	3	9	362	36	80	90	0
3645	2	0	363	52	80	90	0
3650	2	0	363	57	80	90	0
3650	1	0	363	69	80	90	0
3650	1	0	363	79	80	90	0
3655	2	0	364	60	80	91	0
3655	1	0	364	69	80	91	0
3655	1	0	364	79	80	91	0
3660	2	0	364	64	80	91	0
3660	3	9	364	39	80	91	0
3665	2	0	365	69	80	91	0
3670	2	0	365	57	80	91	0
3670	2	0	365	69	80	91	0
3670	1	0	365	91	80	91	0
3670	3	9	365	39	80	91	0
3675	2	0	366	57	80	91	0
3675	2	0	366	69	80	91	0
3675	1	0	366	91	80	91	0
3675	3	9	366	39	80	91	0
3680	2	0	366	41	80	91	0
3680	2	0	366	53	80	91	0
3680	4	1	366	41	80	91	33
3680	3	9	366	36	80	91	0
3685	2	0	367	48	80	91	0
3690	2	0	367	53	80	91	0
3690	2	0	367	69	80	91	0
3690	1	0	367	79	80	91	0
3690	1	0	367	84	80	91	0
3695	2	0	368	57	80	92	0
3695	2	0	368	69	80	92	0
3695	1	0	368	79	80	92	0
3695	1	0	368	84	80	92	0
3700	2	0	368	60	80	92	0
3700	3	9	368	39	80	92	0
3705	2	0	369	69	80	92	0
3710	2	0	369	53	80	92	0
3710	2	0	369	69	80	92	0
3710	1	0	369	79	80	92	0
3710	1	0	369	91	80	92	0
3715	2	0	370	69	80	92	0
3715	1	0	370	79	80	92	0
3715	1	0	370	91	80	92	0
3720	2	0	370	43	80	92	0
3720	2	0	370	55	80	92	0
3720	4	1	370	43	80	92	33
3720	3	9	370	36	80	92	0
3725	2	0	371	50	80	92	0
3730	2	0	371	55	80	92	0
3730	1	0	371	67	80	92	0
3730	1	0	371	74	80	92	0
3735	2	0	372	59	80	93	0
3735	1	0	372	67	80	93	0
3735	1	0	372	74	80	93	0
3740	2	0	372	62	80	93	0
3740	3	9	372	39	80	93	0
3745	1	0	373	76	80	93	0
3750	2	0	373	43	80	93	0
3750	2	0	373	55	80	93	0
3750	1	0	373	67	80	93	0
3750	1	0	373	77	80	93	0
3750	3	9	373	39	80	93	0
3755	1	0	374	67	80	93	0
3755	1	0	374	76	80	93	0
3755	3	9	374	39	80	93	0
3760	2	0	374	36	80	93	0
3760	2	0	374	48	80	93	0
3760	4	1	374	36	80	93	33
3760	3	9	374	36	80	93	0
3765	2	0	375	43	80	93	0
3770	2	0	375	48	80	93	0
3775	2	0	376	52	80	94	0
3780	2	0	376	55	80	94	0
3780	3	9	376	39	80	94	0
3785	1	0	377	60	80	94	0
3785	1	0	377	64	80	94	0
3790	2	0	377	48	80	94	0
3795	1	0	378	55	80	94	0
3795	1	0	378	60	80	94	0
3800	2	0	378	40	80	94	0
3800	2	0	378	52	80	94	0
3800	1	0	378	64	80	94	0
3800	1	0	378	68	80	94	0
3800	1	0	378	71	80	94	0
3800	4	1	378	40	80	94	33
3800	3	9	378	36	80	94	0
3805	2	0	379	47	80	94	0
3810	2	0	379	52	80	94	0
3815	1	0	380	64	80	95	0
3820	2	0	380	56	80	95	0
3820	1	0	380	68	80	95	0
3820	1	0	380	71	80	95	0
3820	4	1	380	44	80	95	33
3820	3	9	380	39	80	95	0
3825	2	0	381	52	80	95	0
3830	2	0	381	56	80	95	0
3830	1	0	381	67	80	95	0
3830	1	0	381	79	80	95	0
3830	3	9	381	39	80	95	0
3835	1	0	382	67	80	95	0
3835	1	0	382	79	80	95	0
3835	3	9	382	39	80	95	0
3840	2	0	382	41	80	95	0
3840	2	0	382	53	80	95	0
3840	4	1	382	41	80	95	33
3840	3	9	382	36	80	95	0
3845	2	0	383	48	80	95	0
3850	2	0	383	53	80	95	0
3850	1	0	383	67	80	95	0
3850	1	0	383	72	80	95	0
3855	2	0	384	57	80	96	0
3855	1	0	384	67	80	96	0
3855	1	0	384	72	80	96	0
3860	2	0	384	60	80	96	0
3860	3	9	384	39	80	96	0
3865	1	0	385	67	80	96	0
3870	2	0	385	41	80	96	0
3870	2	0	385	53	80	96	0
3870	1	0	385	67	80	96	0
3870	1	0	385	79	80	96	0
3870	4	1	385	41	80	96	33
3875	1	0	386	67	80	96	0
3875	1	0	386	79	80	96	0
3880	2	0	386	43	80	96	0
3880	2	0	386	55	80	96	0
3880	4	1	386	43	80	96	33
3880	3	9	386	36	80	96	0
3885	2	0	387	50	80	96	0
3890	2	0	387	55	80	96	0
3890	1	0	387	67	80	96	0
3890	1	0	387	74	80	96	0
3895	2	0	388	59	80	97	0
3895	1	0	388	67	80	97	0
3895	1	0	388	74	80	97	0
3900	2	0	388	62	80	97	0
3900	3	9	388	39	80	97	0
3905	1	0	389	67	80	97	0
3910	2	0	389	43	80	97	0
3910	2	0	389	55	80	97	0
3910	1	0	389	72	80	97	0
3910	4	1	389	43	80	97	33
3910	3	9	389	39	80	97	0
3915	2	0	390	44	80	97	0
3915	2	0	390	56	80	97	0
3915	1	0	390	74	80	97	0
3915	4	1	390	44	80	97	33
3915	3	9	390	39	80	97	0
3920	2	0	390	45	80	97	0
3920	2	0	390	57	80	97	0
3920	1	0	390	69	80	97	0
3920	1	0	390	76	80	97	0
3920	4	1	390	45	80	97	33
3920	3	9	390	36	80	97	0
3925	2	0	391	52	80	97	0
3930	2	0	391	57	80	97	0
3930	1	0	391	69	80	97	0
3930	1	0	391	76	80	97	0
3935	2	0	392	60	80	98	0
3935	1	0	392	69	80	98	0
3935	1	0	392	76	80	98	0
3940	2	0	392	64	80	98	0
3940	3	9	392	39	80	98	0
3945	1	0	393	76	80	98	0
3945	1	0	393	84	80	98	0
3950	2	0	393	45	80	98	0
3950	2	0	393	57	80	98	0
3950	4	1	393	45	80	98	33
3955	1	0	394	76	80	98	0
3960	2	0	394	40	80	98	0
3960	2	0	394	52	80	98	0
3960	1	0	394	76	80	98	0
3960	1	0	394	83	80	98	0
3960	4	1	394	40	80	98	33
3960	3	9	394	36	80	98	0
3965	2	0	395	47	80	98	0
3970	2	0	395	52	80	98	0
3975	2	0	396	55	80	99	0
3975	1	0	396	71	80	99	0
3975	1	0	396	79	80	99	0
3980	2	0	396	59	80	99	0
3980	3	9	396	39	80	99	0
3985	1	0	397	71	80	99	0
3990	2	0	397	40	80	99	0
3990	2	0	397	52	80	99	0
3990	1	0	397	71	80	99	0
3990	1	0	397	79	80	99	0
3990	4	1	397	40	80	99	33
3990	3	9	397	39	80	99	0
3995	1	0	398	71	80	99	0
3995	1	0	398	79	80	99	0
3995	3	9	398	39	80	99	0
4000	2	0	398	41	80	99	0
4000	2	0	398	53	80	99	0
4000	4	1	398	41	80	99	33
4000	3	9	398	36	80	99	0
4005	2	0	399	48	80	99	0
4010	2	0	399	53	80	99	0
4010	1	0	399	69	80	99	0
4010	1	0	399	72	80	99	0
4015	2	0	400	57	80	100	0
4015	1	0	400	69	80	100	0
4015	1	0	400	72	80	100	0
4020	2	0	400	60	80	100	0
4020	3	9	400	39	80	100	0
4025	1	0	401	69	80	100	0
4030	2	0	401	41	80	100	0
4030	2	0	401	53	80	100	0
4030	1	0	401	69	80	100	0
4030	1	0	401	79	80	100	0
4030	4	1	401	41	80	100	33
4035	1	0	402	69	80	100	0
4035	1	0	402	79	80	100	0
4040	2	0	402	43	80	100	0
4040	2	0	402	55	80	100	0
4040	4	1	402	43	80	100	33
4040	3	9	402	36	80	100	0
4045	2	0	403	50	80	100	0
4050	2	0	403	55	80	100	0
4050	1	0	403	67	80	100	0
4050	1	0	403	74	80	100	0
4055	2	0	404	59	80	101	0
4055	1	0	404	67	80	101	0
4055	1	0	404	74	80	101	0
4060	2	0	404	62	80	101	0
4060	3	9	404	39	80	101	0
4065	1	0	405	67	80	101	0
4065	1	0	405	72	80	101	0
4070	2	0	405	43	80	101	0
4070	2	0	405	55	80	101	0
4070	1	0	405	67	80	101	0
4070	1	0	405	74	80	101	0
4070	4	1	405	43	80	101	33
4070	3	9	405	39	80	101	0
4075	1	0	406	67	80	101	0
4075	1	0	406	72	80	101	0
4075	3	9	406	39	80	101	0
4080	2	0	406	36	80	101	0
4080	2	0	406	48	80	101	0
4080	4	1	406	36	80	101	33
4080	3	9	406	36	80	101	0
4085	2	0	407	43	80	101	0
4090	2	0	407	48	80	101	0
4095	2	0	408	52	80	102	0
4100	2	0	408	55	80	102	0
4100	3	9	408	39	80	102	0
4105	1	0	409	60	80	102	0
4105	1	0	409	64	80	102	0
4110	2	0	409	52	80	102	0
4110	4	1	409	36	80	102	33
4115	1	0	410	64	80	102	0
4120	2	0	410	45	80	102	0
4120	2	0	410	57	80	102	0
4120	1	0	410	64	80	102	0
4120	1	0	410	69	80	102	0
4120	1	0	410	72	80	102	0
4120	4	1	410	45	80	102	33
4120	3	9	410	36	80	102	0
4125	2	0	411	52	80	102	0
4130	2	0	411	57	80	102	0
4135	2	0	412	59	80	103	0
4140	2	0	412	57	80	103	0
4140	1	0	412	64	80	103	0
4140	1	0	412	69	80	103	0
4140	1	0	412	76	80	103	0
4140	3	9	412	39	80	103	0
4145	1	0	413	69	80	103	0
4150	2	0	413	43	80	103	0
4150	2	0	413	55	80	103	0
4150	1	0	413	67	80	103	0
4150	1	0	413	79	80	103	0
4150	4	1	413	43	80	103	33
4150	3	9	413	39	80	103	0
4155	1	0	414	67	80	103	0
4155	1	0	414	79	80	103	0
4155	3	9	414	39	80	103	0
4160	2	0	414	41	80	103	0
4160	2	0	414	53	80	103	0
4160	4	1	414	41	80	103	33
4160	3	9	414	36	80	103	0
4170	2	0	415	53	80	103	0
4170	1	0	415	67	80	103	0
4170	1	0	415	72	80	103	0
4175	2	0	416	57	80	104	0
4175	1	0	416	67	80	104	0
4175	1	0	416	72	80	104	0
4180	2	0	416	60	80	104	0
4180	3	9	416	39	80	104	0
4185	1	0	417	67	80	104	0
4190	2	0	417	41	80	104	0
4190	2	0	417	53	80	104	0
4190	1	0	417	67	80	104	0
4190	1	0	417	79	80	104	0
4190	4	1	417	41	80	104	33
4195	1	0	418	67	80	104	0
4195	1	0	418	79	80	104	0
4200	2	0	418	43	80	104	0
4200	2	0	418	55	80	104	0
4200	4	1	418	43	80	104	33
4200	3	9	418	36	80	104	0
4205	2	0	419	50	80	104	0
4210	2	0	419	55	80	104	0
4210	1	0	419	67	80	104	0
4210	1	0	419	74	80	104	0
4215	2	0	420	59	80	105	0
4215	1	0	420	67	80	105	0
4215	1	0	420	74	80	105	0
4220	3	9	420	39	80	105	0
4225	1	0	421	67	80	105	0
4225	1	0	421	72	80	105	0
4230	2	0	421	43	80	105	0
4230	2	0	421	55	80	105	0
4230	1	0	421	67	80	105	0
4230	1	0	421	74	80	105	0
4230	4	1	421	43	80	105	33
4230	3	9	421	39	80	105	0
4235	1	0	422	67	80	105	0
4235	1	0	422	72	80	105	0
4235	3	9	422	39	80	105	0
4240	2	0	422	36	80	105	0
4240	4	1	422	36	80	105	33
4240	3	9	422	36	80	105	0
4245	2	0	423	43	80	105	0
4250	2	0	423	48	80	105	0
4255	2	0	424	50	80	106	0
4260	2	0	424	52	80	106	0
4260	3	9	424	39	80	106	0
4265	2	0	425	55	80	106	0
4270	2	0	425	50	80	106	0
4270	1	0	425	60	80	106	0
4275	1	0	426	62	80	106	0
4280	2	0	426	36	80	106	0
4280	2	0	426	48	80	106	0
4280	1	0	426	55	80	106	0
4280	1	0	426	60	80	106	0
4280	1	0	426	64	80	106	0
4280	4	1	426	36	80	106	33
4280	3	9	426	36	80	106	0
4320	2	0	430	41	80	107	0
4320	1	0	430	79	80	107	0
4325	2	0	431	48	80	107	0
4325	1	0	431	67	80	107	0
4330	2	0	431	53	80	107	0
4330	1	0	431	72	80	107	0
4335	2	0	432	57	80	108	0
4335	1	0	432	79	80	108	0
4345	1	0	433	67	80	108	0
4350	2	0	433	41	80	108	0
4350	1	0	433	72	80	108	0
4355	1	0	434	79	80	108	0
4360	2	0	434	43	80	108	0
4365	2	0	435	50	80	108	0
4365	1	0	435	67	80	108	0
4370	2	0	435	55	80	108	0
4370	1	0	435	72	80	108	0
4375	2	0	436	59	80	109	0
4375	1	0	436	79	80	109	0
4385	1	0	437	67	80	109	0
4390	2	0	437	43	80	109	0
4395	1	0	438	72	80	109	0
4400	2	0	438	45	80	109	0
4405	2	0	439	52	80	109	0
4405	1	0	439	72	80	109	0
4410	2	0	439	57	80	109	0
4415	2	0	440	59	80	110	0
4415	1	0	440	72	80	110	0
4425	1	0	441	72	80	110	0
4430	2	0	441	52	80	110	0
4435	1	0	442	69	80	110	0
4435	1	0	442	72	80	110	0
4440	2	0	442	45	80	110	0
4445	2	0	443	52	80	110	0
4450	2	0	443	57	80	110	0
4450	1	0	443	71	80	110	0
4450	1	0	443	74	80	110	0
4455	2	0	444	59	80	111	0
4460	2	0	444	60	80	111	0
4460	1	0	444	72	80	111	0
4460	1	0	444	76	80	111	0
4470	2	0	445	43	80	111	0
4470	1	0	445	71	80	111	0
4470	1	0	445	74	80	111	0
4480	2	0	446	41	80	111	0
4480	1	0	446	79	80	111	0
4485	2	0	447	48	80	111	0
4485	1	0	447	67	80	111	0
4490	2	0	447	53	80	111	0
4490	1	0	447	72	80	111	0
4495	2	0	448	57	80	112	0
4495	1	0	448	79	80	112	0
4505	1	0	449	67	80	112	0
4510	2	0	449	41	80	112	0
4510	1	0	449	72	80	112	0
4515	1	0	450	79	80	112	0
4520	2	0	450	43	80	112	0
4525	2	0	451	50	80	112	0
4525	1	0	451	67	80	112	0
4530	2	0	451	55	80	112	0
4530	1	0	451	72	80	112	0
4535	2	0	452	59	80	113	0
4535	1	0	452	79	80	113	0
4540	2	0	452	62	80	113	0
4540	1	0	452	86	80	113	0
4540	1	0	452	89	80	113	0
4545	1	0	453	84	80	113	0
4545	1	0	453	88	80	113	0
4550	1	0	453	83	80	113	0
4550	1	0	453	86	80	113	0
4560	2	0	454	57	80	113	0
4560	1	0	454	76	80	113	0
4562	2	0	454	64	80	113	0
4562	1	0	454	81	80	113	0
4565	2	0	455	69	80	113	0
4565	1	0	455	83	80	113	0
4567	2	0	455	71	80	113	0
4567	1	0	455	84	80	113	0
4570	2	0	455	72	80	113	0
4570	1	0	455	86	80	113	0
4572	2	0	455	76	80	113	0
4572	1	0	455	88	80	113	0
4575	1	0	456	93	80	114	0
4580	1	0	456	95	80	114	0
4590	1	0	457	96	80	114	0
