-------------0-------------
0 FF 51 03 05 F1 EA 
0 FF 58 04 03 02 18 08 
58285 FF 51 03 05 F1 EA 
58285 FF 58 04 03 02 18 08 
58285 FF 51 03 05 F1 EA 
116504 FF 51 03 05 F1 EA 
116504 FF 58 04 03 02 18 08 
116504 FF 51 03 05 F1 EA 
139816 FF 51 03 05 F1 EA 
139819 FF 2F 00 
-------------1-------------
0 B1 00 02 
0 FF 01 05 73 74 61 72 74 
0 C1 00 
779 91 4F 78 
1165 81 4F 78 
1165 91 57 78 
1557 91 57 78 
1557 81 57 78 
1751 91 59 78 
1751 81 57 78 
1945 81 59 78 
1945 91 5B 78 
2331 91 56 78 
2331 81 5B 78 
2723 91 5E 78 
2723 81 56 78 
3502 91 54 78 
3502 81 5E 78 
3891 91 54 78 
3891 81 54 78 
4085 81 54 78 
4085 91 56 78 
4279 81 56 78 
4279 91 57 78 
4665 81 57 78 
4665 91 52 78 
5057 81 52 78 
5057 91 5B 78 
5836 81 5B 78 
5836 91 50 78 
6225 81 50 78 
6225 91 50 78 
6419 81 50 78 
6419 91 52 78 
6610 81 52 78 
6610 91 54 78 
7002 81 54 78 
7002 91 56 78 
7391 81 56 78 
7391 91 54 78 
7780 91 52 78 
7780 81 54 78 
8169 91 4F 78 
8169 81 52 78 
8947 91 4D 78 
8947 81 4F 78 
9333 91 4F 78 
9333 81 4D 78 
10114 81 4F 78 
10114 91 4F 78 
10503 91 57 78 
10503 81 4F 78 
10892 81 57 78 
10892 91 57 78 
11086 81 57 78 
11086 91 59 78 
11277 81 59 78 
11277 91 5B 78 
11669 91 56 78 
11669 81 5B 78 
12058 81 56 78 
12058 91 5E 78 
12837 81 5E 78 
12837 91 54 78 
13223 91 54 78 
13223 81 54 78 
13421 91 56 78 
13421 81 54 78 
13615 91 57 78 
13615 81 56 78 
14004 91 52 78 
14004 81 57 78 
14393 91 5B 78 
14393 81 52 78 
15172 81 5B 78 
15172 91 50 78 
15561 81 50 78 
15561 91 52 78 
15950 81 52 78 
15950 91 54 78 
16339 81 54 78 
16339 91 56 78 
16728 81 56 78 
16728 91 54 78 
17117 91 52 78 
17117 81 54 78 
17503 91 54 78 
17503 81 52 78 
18284 81 54 78 
19452 91 43 78 
19841 81 43 78 
19841 91 4B 78 
20229 81 4B 78 
20229 91 4B 78 
20423 91 4D 78 
20423 81 4B 78 
20614 91 4F 78 
20614 81 4D 78 
21006 91 4A 78 
21006 81 4F 78 
21394 91 52 78 
21394 81 4A 78 
22172 81 52 78 
22172 91 48 78 
22557 91 48 78 
22557 81 48 78 
22755 91 4A 78 
22755 81 48 78 
22949 91 4B 78 
22949 81 4A 78 
23337 91 46 78 
23337 81 4B 78 
23725 91 4F 78 
23725 81 46 78 
24500 81 4F 78 
24500 91 44 78 
24892 91 44 78 
24892 81 44 78 
25086 91 46 78 
25086 81 44 78 
25280 81 46 78 
25280 91 48 78 
25668 81 48 78 
25668 91 4A 78 
26056 81 4A 78 
26056 91 48 78 
26442 81 48 78 
26442 91 46 78 
26834 81 46 78 
26834 91 43 78 
27611 81 43 78 
27611 91 41 78 
27999 81 41 78 
27999 91 43 78 
28776 91 43 78 
28776 81 43 78 
29164 81 43 78 
29164 91 4B 78 
29552 81 4B 78 
29552 91 4B 78 
29746 81 4B 78 
29746 91 4D 78 
29940 81 4D 78 
29940 91 4F 78 
30328 81 4F 78 
30328 91 4A 78 
30716 81 4A 78 
30716 91 52 78 
31494 81 52 78 
31494 91 48 78 
31882 81 48 78 
31882 91 48 78 
32076 91 4A 78 
32076 81 48 78 
32270 81 4A 78 
32270 91 4B 78 
32658 81 4B 78 
32658 91 46 78 
33046 81 46 78 
33046 91 4F 78 
33824 81 4F 78 
33824 91 44 78 
34212 91 46 78 
34212 81 44 78 
34601 91 48 78 
34601 81 46 78 
34986 91 4A 78 
34986 81 48 78 
35378 91 48 78 
35378 81 4A 78 
35767 81 48 78 
35767 91 46 78 
36155 91 48 78 
36155 81 46 78 
36931 91 46 78 
36931 81 48 78 
37317 91 48 78 
37317 81 46 78 
38098 81 48 78 
94380 91 4B 78 
94771 91 4B 78 
94771 81 4B 78 
94965 91 4D 78 
94965 81 4B 78 
95159 91 4F 78 
95159 81 4D 78 
95548 91 4A 78 
95548 81 4F 78 
95936 81 4A 78 
95936 91 52 78 
96713 81 52 78 
96713 91 48 78 
97101 81 48 78 
97101 91 48 78 
97295 91 4A 78 
97295 81 48 78 
97489 81 4A 78 
97489 91 4B 78 
97874 81 4B 78 
97874 91 46 78 
98265 91 4F 78 
98265 81 46 78 
99041 91 44 78 
99041 81 4F 78 
99429 91 44 78 
99429 81 44 78 
99620 91 46 78 
99620 81 44 78 
99817 91 48 78 
99817 81 46 78 
100205 91 4A 78 
100205 81 48 78 
100594 81 4A 78 
100594 91 48 78 
100982 91 46 78 
100982 81 48 78 
101370 81 46 78 
101370 91 43 78 
102143 91 41 78 
102143 81 43 78 
102534 81 41 78 
102534 91 43 78 
103310 91 43 78 
103310 81 43 78 
103698 91 4B 78 
103698 81 43 78 
104086 91 4B 78 
104086 81 4B 78 
104280 81 4B 78 
104280 91 4D 78 
104474 91 4F 78 
104474 81 4D 78 
104862 91 4A 78 
104862 81 4F 78 
105250 81 4A 78 
105250 91 52 78 
106026 81 52 78 
106026 91 48 78 
106414 91 48 78 
106414 81 48 78 
106608 91 4A 78 
106608 81 48 78 
106802 81 4A 78 
106802 91 4B 78 
107190 81 4B 78 
107190 91 46 78 
107578 81 46 78 
107578 91 4F 78 
108354 81 4F 78 
108354 91 44 78 
108742 91 46 78 
108742 81 44 78 
109130 91 48 78 
109130 81 46 78 
109518 91 4A 78 
109518 81 48 78 
109906 91 48 78 
109906 81 4A 78 
110294 81 48 78 
110294 91 46 78 
110682 81 46 78 
110682 91 48 78 
111458 81 48 78 
111458 91 46 78 
111847 91 48 78 
111847 81 46 78 
112623 81 48 78 
112623 91 43 78 
113011 81 43 78 
113011 91 4B 78 
113399 91 4B 78 
113399 81 4B 78 
113593 81 4B 78 
113593 91 4D 78 
113787 91 4F 78 
113787 81 4D 78 
114176 81 4F 78 
114176 91 4A 78 
114564 91 52 78 
114564 81 4A 78 
115340 91 48 78 
115340 81 52 78 
115728 81 48 78 
115728 91 48 78 
115922 91 4A 78 
115922 81 48 78 
116116 81 4A 78 
116116 91 4B 78 
116504 81 4B 78 
116504 91 46 78 
116892 91 4F 78 
116892 81 46 78 
117668 81 4F 78 
117668 91 44 78 
118056 91 44 78 
118056 81 44 78 
118250 91 46 78 
118250 81 44 78 
118444 81 46 78 
118444 91 48 78 
118832 81 48 78 
118832 91 4A 78 
119220 91 48 78 
119220 81 4A 78 
119608 91 46 78 
119608 81 48 78 
119996 81 46 78 
119996 91 43 78 
120772 81 43 78 
120772 91 41 78 
121160 81 41 78 
121160 91 43 78 
121936 81 43 78 
121936 91 43 78 
122324 91 4B 78 
122324 81 43 78 
122712 81 4B 78 
122712 91 4B 78 
122906 91 4D 78 
122906 81 4B 78 
123100 81 4D 78 
123100 91 4F 78 
123488 91 4A 78 
123488 81 4F 78 
123876 81 4A 78 
123876 91 52 78 
124652 91 48 78 
124652 81 52 78 
125040 91 48 78 
125040 81 48 78 
125234 91 4A 78 
125234 81 48 78 
125428 91 4B 78 
125428 81 4A 78 
125816 81 4B 78 
125816 91 46 78 
126204 91 4F 78 
126204 81 46 78 
126980 81 4F 78 
126980 91 44 78 
127368 91 46 78 
127368 81 44 78 
127756 81 46 78 
127756 91 48 78 
128144 91 4A 78 
128144 81 48 78 
128532 91 48 78 
128532 81 4A 78 
128920 91 46 78 
128920 81 48 78 
129308 91 48 78 
129308 81 46 78 
130084 91 46 78 
130084 81 48 78 
130473 81 46 78 
130473 91 48 78 
131249 81 48 78 
131636 91 3C 78 
131733 91 43 78 
131830 91 46 78 
131927 91 4A 78 
135141 FF 01 03 65 6E 64 
135141 81 4A 78 
135141 81 46 78 
135141 81 43 78 
135141 81 3C 78 
135144 FF 2F 00 
-------------2-------------
0 FF 01 05 73 74 61 72 74 
0 C2 00 
0 B2 00 02 
1165 92 48 78 
1557 82 48 78 
1557 92 4B 78 
1557 92 4F 78 
2331 92 46 78 
2331 82 4B 78 
2331 82 4F 78 
2723 82 46 78 
2723 92 4A 78 
2723 92 4D 78 
3502 92 44 78 
3502 82 4A 78 
3502 82 4D 78 
3891 92 4B 78 
3891 82 44 78 
3891 92 48 78 
4665 82 4B 78 
4665 92 43 78 
4665 82 48 78 
5057 92 4A 78 
5057 92 46 78 
5057 82 43 78 
5836 92 41 78 
5836 82 4A 78 
5836 82 46 78 
6225 92 48 78 
6225 92 44 78 
6225 82 41 78 
7002 82 44 78 
7002 82 48 78 
7002 92 46 78 
7391 92 4A 78 
7391 82 46 78 
7391 92 4D 78 
8169 82 4A 78 
8169 92 3F 78 
8169 82 4D 78 
8558 82 3F 78 
8558 92 43 78 
8558 92 46 78 
9333 92 43 78 
9333 82 46 78 
9333 82 43 78 
9725 82 43 78 
9725 92 47 78 
9725 92 4A 78 
10503 82 47 78 
10503 82 4A 78 
10503 92 48 78 
10892 82 48 78 
10892 92 4B 78 
10892 92 4F 78 
11669 82 4B 78 
11669 82 4F 78 
11669 92 46 78 
12058 82 46 78 
12058 92 4A 78 
12058 92 4D 78 
12837 82 4A 78 
12837 82 4D 78 
12837 92 44 78 
13223 92 48 78 
13223 82 44 78 
13223 92 4B 78 
14004 92 43 78 
14004 82 48 78 
14004 82 4B 78 
14393 92 4A 78 
14393 92 46 78 
14393 82 43 78 
15172 82 4A 78 
15172 92 41 78 
15172 82 46 78 
15561 92 44 78 
15561 92 48 78 
15561 82 41 78 
16339 92 46 78 
16339 82 48 78 
16339 82 44 78 
16728 92 4A 78 
16728 92 4D 78 
16728 82 46 78 
17503 82 4D 78 
17503 92 48 78 
17503 82 4A 78 
17895 92 43 78 
17895 82 48 78 
18284 82 43 78 
18284 92 3F 78 
18673 82 3F 78 
18673 92 3C 78 
19452 82 3C 78 
19841 92 30 78 
20035 92 37 78 
20229 92 3F 78 
20423 82 37 78 
21006 82 3F 78 
21006 92 2E 78 
21006 82 30 78 
21200 92 35 78 
21394 92 3E 78 
21978 82 35 78 
22172 82 2E 78 
22172 82 3E 78 
22172 92 2C 78 
22366 92 33 78 
22557 92 3C 78 
23143 82 33 78 
23337 92 2B 78 
23337 82 2C 78 
23337 82 3C 78 
23531 92 32 78 
23725 92 3A 78 
24309 82 32 78 
24500 82 3A 78 
24500 82 2B 78 
24500 92 29 78 
24698 92 30 78 
24892 92 38 78 
25474 82 30 78 
25668 82 29 78 
25668 82 38 78 
25668 92 2E 78 
25862 92 35 78 
26056 92 3E 78 
26640 82 35 78 
26834 82 2E 78 
26834 82 3E 78 
26834 92 27 78 
27028 92 2E 78 
27222 92 37 78 
27805 82 2E 78 
27999 82 27 78 
27999 92 2B 78 
27999 82 37 78 
28193 92 32 78 
28387 92 3B 78 
28970 82 32 78 
29164 92 30 78 
29164 82 3B 78 
29164 82 2B 78 
29358 92 37 78 
29552 92 3F 78 
30134 82 37 78 
30328 82 30 78 
30328 82 3F 78 
30328 92 2E 78 
30522 92 35 78 
30716 92 3E 78 
31300 82 35 78 
31494 82 2E 78 
31494 82 3E 78 
31494 92 2C 78 
31688 92 33 78 
31882 92 3C 78 
32464 82 33 78 
32658 92 2B 78 
32658 82 3C 78 
32658 82 2C 78 
32852 92 32 78 
33046 92 3A 78 
33630 82 32 78 
33824 82 3A 78 
33824 92 29 78 
33824 82 2B 78 
34018 92 30 78 
34212 92 35 78 
34795 82 30 78 
34986 82 29 78 
34986 92 2B 78 
34986 82 35 78 
35184 92 32 78 
35378 92 3A 78 
35961 82 32 78 
36155 92 2C 78 
36155 82 3A 78 
36155 82 2B 78 
36349 92 33 78 
36543 92 3C 78 
36737 82 33 78 
36931 82 2C 78 
36931 92 2E 78 
37317 82 2E 78 
37317 82 3C 78 
37317 92 30 78 
37515 92 37 78 
37709 92 3C 78 
38098 82 30 78 
38292 82 37 78 
38480 82 3C 78 
94380 92 30 78 
94577 92 37 78 
94771 92 3F 78 
94965 82 37 78 
95548 92 2E 78 
95548 82 3F 78 
95548 82 30 78 
95742 92 35 78 
95936 92 3E 78 
96519 82 35 78 
96713 82 2E 78 
96713 82 3E 78 
96713 92 2C 78 
96907 92 33 78 
97101 92 3C 78 
97683 82 33 78 
97874 92 2B 78 
97874 82 3C 78 
97874 82 2C 78 
98071 92 32 78 
98265 92 3A 78 
98847 82 32 78 
99041 92 29 78 
99041 82 3A 78 
99041 82 2B 78 
99235 92 30 78 
99429 92 38 78 
100011 82 30 78 
100205 82 38 78 
100205 82 29 78 
100205 92 2E 78 
100396 92 35 78 
100594 92 3E 78 
101176 82 35 78 
101370 82 2E 78 
101370 82 3E 78 
101370 92 27 78 
101564 92 2E 78 
101758 92 37 78 
102340 82 2E 78 
102534 82 27 78 
102534 82 37 78 
102534 92 2B 78 
102728 92 32 78 
102922 92 3B 78 
103504 82 32 78 
103698 92 30 78 
103698 82 3B 78 
103698 82 2B 78 
103889 92 37 78 
104086 92 3F 78 
104668 82 37 78 
104862 82 30 78 
104862 92 2E 78 
104862 82 3F 78 
105056 92 35 78 
105250 92 3E 78 
105832 82 35 78 
106026 82 2E 78 
106026 82 3E 78 
106026 92 2C 78 
106220 92 33 78 
106414 92 3C 78 
106996 82 33 78 
107190 82 3C 78 
107190 82 2C 78 
107190 92 2B 78 
107384 92 32 78 
107578 92 3A 78 
108160 82 32 78 
108354 92 29 78 
108354 82 3A 78 
108354 82 2B 78 
108548 92 30 78 
108742 92 35 78 
109324 82 30 78 
109518 92 2B 78 
109518 82 35 78 
109518 82 29 78 
109712 92 32 78 
109906 92 3A 78 
110488 82 32 78 
110682 82 2B 78 
110682 92 2C 78 
110682 82 3A 78 
110876 92 33 78 
111070 92 3C 78 
111264 82 33 78 
111458 92 2E 78 
111458 82 2C 78 
111847 92 30 78 
111847 82 3C 78 
111847 82 2E 78 
112041 92 37 78 
112235 92 3C 78 
112623 82 30 78 
112817 82 37 78 
113005 82 3C 78 
113011 92 30 78 
113205 92 37 78 
113399 92 3F 78 
113593 82 37 78 
114176 82 30 78 
114176 82 3F 78 
114176 92 2E 78 
114370 92 35 78 
114564 92 3E 78 
115146 82 35 78 
115340 92 2C 78 
115340 82 2E 78 
115340 82 3E 78 
115534 92 33 78 
115728 92 3C 78 
116310 82 33 78 
116504 92 2B 78 
116504 82 3C 78 
116504 82 2C 78 
116698 92 32 78 
116892 92 3A 78 
117474 82 32 78 
117668 92 29 78 
117668 82 3A 78 
117668 82 2B 78 
117862 92 30 78 
118056 92 38 78 
118638 82 30 78 
118832 82 29 78 
118832 82 38 78 
118832 92 2E 78 
119026 92 35 78 
119220 92 3E 78 
119802 82 35 78 
119996 92 27 78 
119996 82 3E 78 
119996 82 2E 78 
120190 92 2E 78 
120384 92 37 78 
120966 82 2E 78 
121160 82 27 78 
121160 82 37 78 
121160 92 2B 78 
121354 92 32 78 
121548 92 3B 78 
122130 82 32 78 
122324 92 30 78 
122324 82 3B 78 
122324 82 2B 78 
122518 92 37 78 
122712 92 3F 78 
123294 82 37 78 
123488 82 30 78 
123488 82 3F 78 
123488 92 2E 78 
123682 92 35 78 
123876 92 3E 78 
124458 82 35 78 
124652 82 2E 78 
124652 82 3E 78 
124652 92 2C 78 
124846 92 33 78 
125040 92 3C 78 
125622 82 33 78 
125816 82 2C 78 
125816 82 3C 78 
125816 92 2B 78 
126010 92 32 78 
126204 92 3A 78 
126786 82 32 78 
126980 82 2B 78 
126980 92 29 78 
126980 82 3A 78 
127174 92 30 78 
127368 92 35 78 
127950 82 30 78 
128144 82 35 78 
128144 92 2B 78 
128144 82 29 78 
128338 92 32 78 
128532 92 3A 78 
129114 82 32 78 
129308 92 2C 78 
129308 82 3A 78 
129308 82 2B 78 
129502 92 33 78 
129696 92 3C 78 
129890 82 33 78 
130084 92 2E 78 
130084 82 2C 78 
130473 82 3C 78 
130473 82 2E 78 
130473 92 30 78 
130667 92 37 78 
130861 92 3C 78 
131249 82 30 78 
131443 82 37 78 
131630 82 3C 78 
131630 FF 01 03 65 6E 64 
131633 FF 2F 00 
-------------3-------------
0 B3 00 01 
0 C3 30 
0 FF 01 05 73 74 61 72 74 
19841 93 30 7D 
21006 83 30 78 
21006 93 2E 7D 
22172 93 2C 7D 
22172 83 2E 78 
23337 83 2C 78 
23337 93 2B 7D 
24500 93 29 7D 
24500 83 2B 78 
25668 83 29 78 
25668 93 2E 7D 
26834 93 27 7D 
26834 83 2E 78 
27999 83 27 78 
27999 93 2B 7D 
29164 93 30 7D 
29164 83 2B 78 
30328 83 30 78 
30328 93 2E 7D 
31494 83 2E 78 
31494 93 2C 7D 
32658 93 2B 7D 
32658 83 2C 78 
33824 83 2B 78 
33824 93 29 7D 
34986 93 2B 7D 
34986 83 29 78 
36155 93 2C 7D 
36155 83 2B 78 
36931 93 2E 7D 
36931 83 2C 78 
37317 93 30 7D 
37317 83 2E 78 
38098 83 30 78 
57120 93 30 7D 
58285 93 2E 7D 
58285 83 30 78 
59449 93 2C 7D 
59449 83 2E 78 
60614 93 2B 7D 
60614 83 2C 78 
61778 93 29 7D 
61778 83 2B 78 
62943 93 2E 7D 
62943 83 29 78 
64107 93 27 7D 
64107 83 2E 78 
65272 93 2B 7D 
65272 83 27 78 
66436 93 30 7D 
66436 83 2B 78 
67601 93 2E 7D 
67601 83 30 78 
68766 93 2C 7D 
68766 83 2E 78 
69927 83 2C 78 
69927 93 2B 7D 
71095 93 29 7D 
71095 83 2B 78 
72260 93 2B 7D 
72260 83 29 78 
73425 93 2C 7D 
73425 83 2B 78 
74201 83 2C 78 
74201 93 2E 7D 
74586 83 2E 78 
74586 93 30 7D 
75753 83 30 78 
93996 93 37 7D 
93996 93 3E 7D 
93996 93 43 7D 
94380 83 37 78 
94380 83 43 78 
94380 93 30 7D 
94380 93 4B 7D 
94383 83 3E 78 
94383 93 3C 7D 
94771 93 3C 7D 
94771 93 4B 7D 
94771 83 4B 78 
94771 83 3C 78 
94965 83 3C 78 
94965 83 4B 78 
94965 93 3E 7D 
94965 93 4D 7D 
95159 93 4F 7D 
95159 83 3E 78 
95159 83 4D 78 
95159 93 3F 7D 
95548 93 2E 7D 
95548 83 30 78 
95548 83 4F 78 
95548 83 3F 78 
95548 93 3A 7D 
95548 93 4A 7D 
95936 93 41 7D 
95936 83 3A 78 
95936 83 4A 78 
95936 93 52 7D 
96713 83 2E 78 
96713 83 41 78 
96713 83 52 78 
96713 93 2C 7D 
96713 93 38 7D 
96713 93 48 7D 
97101 83 48 78 
97101 83 38 78 
97101 93 38 7D 
97101 93 48 7D 
97295 93 4A 7D 
97295 93 3A 7D 
97295 83 38 78 
97295 83 48 78 
97489 93 4B 7D 
97489 93 3C 7D 
97489 83 3A 78 
97489 83 4A 78 
97874 83 4B 78 
97874 93 46 7D 
97874 93 2B 7D 
97874 83 2C 78 
97877 83 3C 78 
97877 93 37 7D 
98265 83 46 78 
98265 93 4F 7D 
98265 93 3E 7D 
98265 83 37 78 
99041 93 44 7D 
99041 93 35 7D 
99041 93 29 7D 
99041 83 4F 78 
99041 83 3E 78 
99041 83 2B 78 
99429 93 35 7D 
99429 93 44 7D 
99429 83 35 78 
99429 83 44 78 
99620 93 46 7D 
99620 83 44 78 
99623 83 35 78 
99623 93 37 7D 
99817 83 37 78 
99817 83 46 78 
99817 93 38 7D 
99817 93 48 7D 
100205 83 48 78 
100205 93 2E 7D 
100205 93 3A 7D 
100205 83 38 78 
100205 83 29 78 
100205 93 4A 7D 
100594 83 4A 78 
100594 83 3A 78 
100594 93 3C 7D 
100594 93 48 7D 
100982 93 3A 7D 
100982 93 46 7D 
100982 83 3C 78 
100982 83 48 78 
101370 93 33 7D 
101370 83 2E 78 
101370 83 3A 78 
101370 83 46 78 
101370 93 27 7D 
101370 93 43 7D 
102143 93 41 7D 
102143 83 43 78 
102146 83 33 78 
102146 93 33 7D 
102534 83 33 78 
102534 93 37 7D 
102534 93 43 7D 
102534 93 2B 7D 
102534 83 41 78 
102534 83 27 78 
103310 93 37 7D 
103310 83 37 78 
103310 83 43 78 
103310 93 43 7D 
103698 83 2B 78 
103698 83 37 78 
103698 83 43 78 
103698 93 30 7D 
103698 93 3C 7D 
103698 93 4B 7D 
104086 83 4B 78 
104086 83 3C 78 
104086 93 3C 7D 
104086 93 4B 7D 
104280 93 4D 7D 
104280 93 3E 7D 
104280 83 3C 78 
104280 83 4B 78 
104474 83 3E 78 
104474 83 4D 78 
104474 93 3F 7D 
104474 93 4F 7D 
104862 83 30 78 
104862 83 3F 78 
104862 83 4F 78 
104862 93 2E 7D 
104862 93 3A 7D 
104862 93 4A 7D 
105250 93 41 7D 
105250 83 3A 78 
105250 83 4A 78 
105250 93 52 7D 
106026 93 38 7D 
106026 93 2C 7D 
106026 83 52 78 
106026 83 41 78 
106026 83 2E 78 
106026 93 48 7D 
106414 93 38 7D 
106414 93 48 7D 
106414 83 38 78 
106414 83 48 78 
106608 83 48 78 
106608 83 38 78 
106608 93 3A 7D 
106608 93 4A 7D 
106802 83 3A 78 
106802 83 4A 78 
106802 93 3C 7D 
106802 93 4B 7D 
107190 83 2C 78 
107190 83 3C 78 
107190 83 4B 78 
107190 93 2B 7D 
107190 93 37 7D 
107190 93 46 7D 
107578 83 46 78 
107578 83 37 78 
107578 93 3E 7D 
107578 93 4F 7D 
108354 83 2B 78 
108354 83 3E 78 
108354 83 4F 78 
108354 93 29 7D 
108354 93 35 7D 
108354 93 44 7D 
108742 83 44 78 
108742 83 35 78 
108742 93 37 7D 
108742 93 46 7D 
109130 93 38 7D 
109130 83 37 78 
109130 83 46 78 
109130 93 48 7D 
109518 93 4A 7D 
109518 83 29 78 
109518 83 38 78 
109518 83 48 78 
109518 93 2B 7D 
109518 93 3A 7D 
109906 83 4A 78 
109906 83 3A 78 
109906 93 3C 7D 
109906 93 48 7D 
110294 83 48 78 
110294 83 3C 78 
110294 93 3E 7D 
110294 93 46 7D 
110682 93 48 7D 
110682 83 2B 78 
110682 93 3F 7D 
110682 83 3E 78 
110682 93 2C 7D 
110682 83 46 78 
111458 83 48 78 
111458 83 3F 78 
111458 83 2C 78 
111458 93 2E 7D 
111458 93 46 7D 
111458 93 3E 7D 
111847 93 3C 7D 
111847 93 48 7D 
111847 93 30 7D 
111847 83 46 78 
111847 83 3E 78 
111847 83 2E 78 
112623 93 43 7D 
112623 93 37 7D 
112623 83 3C 78 
112623 83 48 78 
113008 83 43 78 
113008 83 30 78 
113011 93 4B 7D 
113011 93 30 7D 
113011 83 37 78 
113011 93 3C 7D 
113399 83 3C 78 
113399 93 4B 7D 
113399 93 3C 7D 
113399 83 4B 78 
113593 93 4D 7D 
113593 93 3E 7D 
113593 83 3C 78 
113593 83 4B 78 
113787 83 4D 78 
113787 93 4F 7D 
113787 93 3F 7D 
113787 83 3E 78 
114176 93 2E 7D 
114176 83 30 78 
114176 83 3F 78 
114176 83 4F 78 
114176 93 3A 7D 
114176 93 4A 7D 
114564 93 52 7D 
114564 93 41 7D 
114564 83 3A 78 
114564 83 4A 78 
115340 83 41 78 
115340 93 48 7D 
115340 93 38 7D 
115340 93 2C 7D 
115340 83 52 78 
115340 83 2E 78 
115728 83 48 78 
115728 93 48 7D 
115728 93 38 7D 
115728 83 38 78 
115922 93 3A 7D 
115922 93 4A 7D 
115922 83 38 78 
115922 83 48 78 
116116 83 4A 78 
116116 93 4B 7D 
116116 93 3C 7D 
116116 83 3A 78 
116504 83 2C 78 
116504 83 3C 78 
116504 93 46 7D 
116504 93 37 7D 
116504 93 2B 7D 
116504 83 4B 78 
116892 93 4F 7D 
116892 93 3E 7D 
116892 83 37 78 
116892 83 46 78 
117668 83 4F 78 
117668 83 3E 78 
117668 93 29 7D 
117668 83 2B 78 
117668 93 35 7D 
117668 93 44 7D 
118056 83 44 78 
118056 83 35 78 
118056 93 44 7D 
118056 93 35 7D 
118250 93 46 7D 
118250 83 35 78 
118250 83 44 78 
118250 93 37 7D 
118444 93 38 7D 
118444 83 37 78 
118444 93 48 7D 
118444 83 46 78 
118832 93 4A 7D 
118832 93 3A 7D 
118832 93 2E 7D 
118832 83 48 78 
118832 83 38 78 
118832 83 29 78 
119220 83 3A 78 
119220 83 4A 78 
119220 93 38 7D 
119220 93 48 7D 
119608 93 46 7D 
119608 93 37 7D 
119608 83 38 78 
119608 83 48 78 
119996 83 2E 78 
119996 93 33 7D 
119996 93 43 7D 
119996 93 27 7D 
119996 83 37 78 
119996 83 46 78 
120772 83 43 78 
120772 83 33 78 
120772 93 35 7D 
120772 93 41 7D 
121160 83 27 78 
121160 83 35 78 
121160 93 2B 7D 
121160 83 41 78 
121160 93 37 7D 
121160 93 43 7D 
121936 93 37 7D 
121936 83 43 78 
121936 83 37 78 
121936 93 43 7D 
122324 83 37 78 
122324 83 2B 78 
122324 93 30 7D 
122324 93 3C 7D 
122324 93 4B 7D 
122324 83 43 78 
122712 83 4B 78 
122712 83 3C 78 
122712 93 3C 7D 
122712 93 4B 7D 
122906 83 4B 78 
122906 83 3C 78 
122906 93 3E 7D 
122906 93 4D 7D 
123100 83 4D 78 
123100 83 3E 78 
123100 93 3F 7D 
123100 93 4F 7D 
123488 83 3F 78 
123488 83 30 78 
123488 83 4F 78 
123488 93 2E 7D 
123488 93 3A 7D 
123488 93 4A 7D 
123876 83 4A 78 
123876 83 3A 78 
123876 93 52 7D 
123876 93 41 7D 
124652 83 2E 78 
124652 83 41 78 
124652 83 52 78 
124652 93 2C 7D 
124652 93 38 7D 
124652 93 48 7D 
125040 93 48 7D 
125040 93 38 7D 
125040 83 38 78 
125040 83 48 78 
125234 83 48 78 
125234 83 38 78 
125234 93 3A 7D 
125234 93 4A 7D 
125428 93 4B 7D 
125428 93 3C 7D 
125428 83 3A 78 
125428 83 4A 78 
125816 83 2C 78 
125816 83 3C 78 
125816 93 46 7D 
125816 83 4B 78 
125816 93 2B 7D 
125816 93 37 7D 
126204 83 46 78 
126204 83 37 78 
126204 93 3E 7D 
126204 93 4F 7D 
126980 83 2B 78 
126980 83 3E 78 
126980 83 4F 78 
126980 93 29 7D 
126980 93 35 7D 
126980 93 44 7D 
127368 93 46 7D 
127368 93 37 7D 
127368 83 35 78 
127368 83 44 78 
127756 83 46 78 
127756 83 37 78 
127756 93 38 7D 
127756 93 48 7D 
128144 83 29 78 
128144 83 38 78 
128144 83 48 78 
128144 93 2B 7D 
128144 93 3A 7D 
128144 93 4A 7D 
128532 83 4A 78 
128532 83 3A 78 
128532 93 3C 7D 
128532 93 48 7D 
128920 93 3E 7D 
128920 83 3C 78 
128920 83 48 78 
128920 93 46 7D 
129308 93 48 7D 
129308 93 3F 7D 
129308 93 2C 7D 
129308 83 46 78 
129308 83 3E 78 
129308 83 2B 78 
130084 83 3F 78 
130084 83 2C 78 
130084 83 48 78 
130084 93 2E 7D 
130084 93 3E 7D 
130084 93 46 7D 
130473 93 48 7D 
130473 93 3C 7D 
130473 93 30 7D 
130473 83 46 78 
130473 83 2E 78 
130473 83 3E 78 
131249 83 3C 78 
131249 83 48 78 
131633 FF 01 03 65 6E 64 
131633 83 30 78 
131636 FF 2F 00 
-------------4-------------
0 B4 00 01 
0 C4 1C 
0 FF 01 05 73 74 61 72 74 
38098 94 43 7F 
38480 84 43 78 
38486 94 30 7F 
38486 94 4B 7F 
38680 94 37 7F 
38874 94 4B 7F 
38874 84 37 78 
38874 84 4B 78 
38874 94 3C 7F 
39065 84 4B 78 
39065 94 4D 7F 
39262 94 4F 7F 
39262 84 30 78 
39262 84 3C 78 
39262 84 4D 78 
39262 94 37 7F 
39651 94 4A 7F 
39651 84 37 78 
39651 84 4F 78 
39651 94 2E 7F 
39845 94 35 7F 
40039 84 35 78 
40039 94 52 7F 
40039 84 4A 78 
40039 94 3E 7F 
40427 94 35 7F 
40427 84 3E 78 
40427 84 2E 78 
40815 84 35 78 
40815 84 52 78 
40815 94 48 7F 
40815 94 2C 7F 
41009 94 33 7F 
41200 84 33 78 
41200 84 48 78 
41200 94 3C 7F 
41200 94 48 7F 
41397 94 4A 7F 
41397 84 48 78 
41591 94 33 7F 
41591 94 4B 7F 
41591 84 4A 78 
41591 84 3C 78 
41591 84 2C 78 
41980 94 2B 7F 
41980 84 33 78 
41980 84 4B 78 
41980 94 46 7F 
42174 94 32 7F 
42368 84 46 78 
42368 94 4F 7F 
42368 94 3A 7F 
42368 84 32 78 
42756 94 32 7F 
42756 84 3A 78 
42756 84 2B 78 
43144 84 32 78 
43144 84 4F 78 
43144 94 29 7F 
43144 94 44 7F 
43335 94 30 7F 
43533 84 30 78 
43533 84 44 78 
43533 94 38 7F 
43533 94 44 7F 
43727 94 46 7F 
43727 84 44 78 
43921 94 48 7F 
43921 84 29 78 
43921 84 38 78 
43921 84 46 78 
43921 94 30 7F 
44310 84 30 78 
44310 94 2E 7F 
44310 84 48 78 
44310 94 4A 7F 
44504 94 35 7F 
44698 84 4A 78 
44698 84 35 78 
44698 94 48 7F 
44698 94 3E 7F 
45083 94 46 7F 
45083 84 48 78 
45083 94 35 7F 
45083 84 2E 78 
45083 84 3E 78 
45474 94 43 7F 
45474 84 46 78 
45474 84 35 78 
45474 94 27 7F 
45668 94 2E 7F 
45862 84 2E 78 
45862 94 37 7F 
46250 84 37 78 
46250 84 43 78 
46250 94 2E 7F 
46250 94 41 7F 
46250 84 27 78 
46639 94 43 7F 
46639 84 2E 78 
46639 94 2B 7F 
46639 84 41 78 
46830 94 32 7F 
47028 84 32 78 
47028 94 3B 7F 
47417 94 43 7F 
47417 84 2B 78 
47417 84 3B 78 
47417 84 43 78 
47417 94 37 7F 
47805 84 37 78 
47805 94 4B 7F 
47805 84 43 78 
47805 94 30 7F 
47999 94 37 7F 
48193 84 4B 78 
48193 94 3C 7F 
48193 94 4B 7F 
48193 84 37 78 
48387 84 4B 78 
48387 94 4D 7F 
48581 94 4F 7F 
48581 84 30 78 
48581 84 3C 78 
48581 84 4D 78 
48581 94 37 7F 
48966 84 4F 78 
48966 94 4A 7F 
48966 94 2E 7F 
48966 84 37 78 
49164 94 35 7F 
49358 84 35 78 
49358 84 4A 78 
49358 94 3E 7F 
49358 94 52 7F 
49746 94 35 7F 
49746 84 3E 78 
49746 84 2E 78 
50134 94 2C 7F 
50134 84 35 78 
50134 84 52 78 
50134 94 48 7F 
50328 94 33 7F 
50522 94 48 7F 
50522 94 3C 7F 
50522 84 48 78 
50522 84 33 78 
50716 94 4A 7F 
50716 84 48 78 
50910 84 3C 78 
50910 94 33 7F 
50910 84 4A 78 
50910 94 4B 7F 
50910 84 2C 78 
51299 94 2B 7F 
51299 84 33 78 
51299 84 4B 78 
51299 94 46 7F 
51493 94 32 7F 
51687 94 3A 7F 
51687 84 46 78 
51687 94 4F 7F 
51687 84 32 78 
52075 84 2B 78 
52075 84 3A 78 
52075 94 32 7F 
52463 94 29 7F 
52463 84 32 78 
52463 84 4F 78 
52463 94 44 7F 
52657 94 30 7F 
52848 94 38 7F 
52848 84 44 78 
52848 94 46 7F 
52848 84 30 78 
53239 84 38 78 
53239 84 46 78 
53239 84 29 78 
53239 94 48 7F 
53239 94 30 7F 
53628 84 30 78 
53628 84 48 78 
53628 94 4A 7F 
53628 94 2B 7F 
53822 94 32 7F 
54016 94 3A 7F 
54016 94 48 7F 
54016 84 4A 78 
54016 84 32 78 
54404 94 46 7F 
54404 84 48 78 
54404 84 3A 78 
54404 84 2B 78 
54404 94 32 7F 
54792 94 2C 7F 
54792 94 48 7F 
54792 84 46 78 
54792 84 32 78 
54986 94 33 7F 
55180 94 3C 7F 
55180 84 33 78 
55568 84 2C 78 
55568 84 3C 78 
55568 84 48 78 
55568 94 2E 7F 
55568 94 46 7F 
55957 94 48 7F 
55957 84 2E 78 
55957 84 46 78 
55957 94 30 7F 
56151 94 37 7F 
56345 94 3C 7F 
56345 84 37 78 
56733 84 3C 78 
56733 84 48 78 
56733 94 37 7F 
56733 94 43 7F 
56733 84 30 78 
57114 84 37 78 
57117 84 43 78 
57120 94 30 7F 
57120 94 4B 7F 
57314 94 37 7F 
57508 84 37 78 
57508 84 4B 78 
57508 94 3C 7F 
57508 94 4B 7F 
57702 84 4B 78 
57702 94 4D 7F 
57896 94 37 7F 
57896 94 4F 7F 
57896 84 4D 78 
57896 84 3C 78 
57896 84 30 78 
58285 94 2E 7F 
58285 84 37 78 
58285 84 4F 78 
58285 94 4A 7F 
58479 94 35 7F 
58673 94 3E 7F 
58673 94 52 7F 
58673 84 4A 78 
58673 84 35 78 
59061 84 3E 78 
59061 94 35 7F 
59061 84 2E 78 
59449 94 2C 7F 
59449 94 48 7F 
59449 84 52 78 
59449 84 35 78 
59643 94 33 7F 
59837 84 33 78 
59837 84 48 78 
59837 94 3C 7F 
59837 94 48 7F 
60031 84 48 78 
60031 94 4A 7F 
60225 84 2C 78 
60225 94 4B 7F 
60225 94 33 7F 
60225 84 4A 78 
60225 84 3C 78 
60614 94 46 7F 
60614 94 2B 7F 
60614 84 33 78 
60614 84 4B 78 
60808 94 32 7F 
61002 84 32 78 
61002 84 46 78 
61002 94 3A 7F 
61002 94 4F 7F 
61390 94 32 7F 
61390 84 2B 78 
61390 84 3A 78 
61778 84 32 78 
61778 84 4F 78 
61778 94 29 7F 
61778 94 44 7F 
61972 94 30 7F 
62166 94 44 7F 
62166 94 38 7F 
62166 84 44 78 
62166 84 30 78 
62360 94 46 7F 
62360 84 44 78 
62554 94 48 7F 
62554 84 29 78 
62554 84 38 78 
62554 94 30 7F 
62554 84 46 78 
62943 94 2E 7F 
62943 84 30 78 
62943 84 48 78 
62943 94 4A 7F 
63137 94 35 7F 
63331 94 3E 7F 
63331 84 4A 78 
63331 84 35 78 
63331 94 48 7F 
63719 84 2E 78 
63719 84 3E 78 
63719 84 48 78 
63719 94 35 7F 
63719 94 46 7F 
64107 94 43 7F 
64107 84 46 78 
64107 84 35 78 
64107 94 27 7F 
64301 94 2E 7F 
64495 84 2E 78 
64495 94 37 7F 
64883 94 41 7F 
64883 94 2E 7F 
64883 84 43 78 
64883 84 37 78 
64883 84 27 78 
65272 84 2E 78 
65272 94 2B 7F 
65272 94 43 7F 
65272 84 41 78 
65466 94 32 7F 
65660 84 32 78 
65660 94 3B 7F 
66048 94 37 7F 
66048 94 43 7F 
66048 84 43 78 
66048 84 2B 78 
66048 84 3B 78 
66436 94 30 7F 
66436 94 4B 7F 
66436 84 43 78 
66436 84 37 78 
66630 94 37 7F 
66824 94 3C 7F 
66824 84 4B 78 
66824 94 4B 7F 
66824 84 37 78 
67018 84 4B 78 
67018 94 4D 7F 
67212 94 37 7F 
67212 84 30 78 
67212 84 4D 78 
67212 94 4F 7F 
67212 84 3C 78 
67601 94 4A 7F 
67601 94 2E 7F 
67601 84 4F 78 
67601 84 37 78 
67795 94 35 7F 
67989 84 35 78 
67989 94 3E 7F 
67989 94 52 7F 
67989 84 4A 78 
68378 94 35 7F 
68378 84 3E 78 
68378 84 2E 78 
68766 94 2C 7F 
68766 84 35 78 
68766 84 52 78 
68766 94 48 7F 
68960 94 33 7F 
69154 84 48 78 
69154 94 3C 7F 
69154 94 48 7F 
69154 84 33 78 
69348 84 48 78 
69348 94 4A 7F 
69542 94 33 7F 
69542 94 4B 7F 
69542 84 4A 78 
69542 84 2C 78 
69542 84 3C 78 
69927 94 46 7F 
69927 84 33 78 
69927 94 2B 7F 
69927 84 4B 78 
70125 94 32 7F 
70319 94 4F 7F 
70319 94 3A 7F 
70319 84 46 78 
70319 84 32 78 
70707 84 2B 78 
70707 84 3A 78 
70707 94 32 7F 
71095 94 29 7F 
71095 84 32 78 
71095 84 4F 78 
71095 94 44 7F 
71289 94 30 7F 
71483 84 30 78 
71483 84 44 78 
71483 94 38 7F 
71483 94 46 7F 
71871 84 29 78 
71871 84 38 78 
71871 94 48 7F 
71871 94 30 7F 
71871 84 46 78 
72260 94 4A 7F 
72260 84 48 78 
72260 94 2B 7F 
72260 84 30 78 
72454 94 32 7F 
72648 84 32 78 
72648 84 4A 78 
72648 94 3A 7F 
72648 94 48 7F 
73037 84 2B 78 
73037 84 3A 78 
73037 84 48 78 
73037 94 32 7F 
73037 94 46 7F 
73425 84 46 78 
73425 84 32 78 
73425 94 2C 7F 
73425 94 48 7F 
73619 94 33 7F 
73813 84 33 78 
73813 94 3C 7F 
74201 94 46 7F 
74201 84 2C 78 
74201 84 3C 78 
74201 84 48 78 
74201 94 2E 7F 
74586 84 46 78 
74586 84 2E 78 
74586 94 48 7F 
74586 94 30 7F 
74784 94 37 7F 
74978 84 37 78 
74978 94 3C 7F 
75366 94 37 7F 
75366 84 3C 78 
75366 84 30 78 
75366 84 48 78 
75747 84 37 78 
75753 94 29 7F 
75947 94 30 7F 
76141 94 38 7F 
76141 84 30 78 
76529 94 30 7F 
76529 84 38 78 
76529 84 29 78 
76918 94 2E 7F 
76918 84 30 78 
77112 94 35 7F 
77306 84 35 78 
77306 94 3A 7F 
77694 84 3A 78 
77694 94 35 7F 
77694 84 2E 78 
78079 94 27 7F 
78079 84 35 78 
78277 94 2E 7F 
78471 84 2E 78 
78471 94 37 7F 
78856 84 27 78 
78856 84 37 78 
78856 94 2E 7F 
79248 84 2E 78 
79248 94 2C 7F 
79442 94 33 7F 
79636 94 3C 7F 
79636 84 33 78 
80024 84 3C 78 
80024 94 33 7F 
80024 84 2C 78 
80412 84 33 78 
80412 94 25 7F 
80603 94 2C 7F 
80801 84 2C 78 
80801 94 35 7F 
81189 84 25 78 
81189 84 35 78 
81189 94 2C 7F 
81578 84 2C 78 
81578 94 2B 7F 
81772 94 32 7F 
81966 94 3B 7F 
81966 84 32 78 
82351 94 32 7F 
82351 84 3B 78 
82351 84 2B 78 
82742 94 24 7F 
82742 84 32 78 
82936 94 2B 7F 
83130 84 2B 78 
83130 94 33 7F 
83518 84 24 78 
83518 84 33 78 
83518 94 2B 7F 
83907 84 2B 78 
83907 94 24 7F 
84098 94 2B 7F 
84296 84 2B 78 
84296 94 33 7F 
84684 94 2B 7F 
84684 84 33 78 
84684 84 24 78 
85072 84 2B 78 
85072 94 25 7F 
85266 94 2C 7F 
85460 84 2C 78 
85460 94 35 7F 
85844 84 25 78 
85844 84 35 78 
85844 94 2C 7F 
86236 84 2C 78 
86236 94 27 7F 
86430 94 2E 7F 
86621 84 2E 78 
86621 94 37 7F 
87012 84 27 78 
87012 84 37 78 
87012 94 2E 7F 
87400 84 2E 78 
87400 94 24 7F 
87594 94 2B 7F 
87788 94 33 7F 
87788 84 2B 78 
88176 84 24 78 
88176 84 33 78 
88176 94 2B 7F 
88564 84 2B 78 
88564 94 29 7F 
88758 94 30 7F 
88952 94 38 7F 
88952 84 30 78 
89340 94 30 7F 
89340 84 38 78 
89340 84 29 78 
89728 94 2A 7F 
89728 84 30 78 
89922 94 31 7F 
90113 84 31 78 
90113 94 3A 7F 
90504 84 2A 78 
90504 84 3A 78 
90504 94 31 7F 
90893 84 31 78 
90893 94 2B 7F 
91087 94 31 7F 
91281 84 31 78 
91281 94 37 7F 
91669 94 31 7F 
91669 84 2B 78 
91669 84 37 78 
92056 84 31 78 
92056 94 2B 7F 
92250 94 32 7F 
92444 94 3B 7F 
92444 84 32 78 
92831 94 2B 7F 
92831 84 3B 78 
92831 84 2B 78 
93220 94 37 7F 
93220 84 2B 78 
93996 84 37 78 
94380 94 30 7F 
94380 94 4B 7F 
94577 94 37 7F 
94771 84 37 78 
94771 94 4B 7F 
94771 94 3C 7F 
94771 84 4B 78 
94965 84 4B 78 
94965 94 4D 7F 
95159 84 4D 78 
95159 94 4F 7F 
95159 94 37 7F 
95159 84 30 78 
95159 84 3C 78 
95548 94 4A 7F 
95548 84 37 78 
95548 84 4F 78 
95548 94 2E 7F 
95742 94 35 7F 
95936 94 3E 7F 
95936 94 52 7F 
95936 84 4A 78 
95936 84 35 78 
96325 84 2E 78 
96325 94 35 7F 
96325 84 3E 78 
96713 84 52 78 
96713 94 2C 7F 
96713 94 48 7F 
96713 84 35 78 
96907 94 33 7F 
97101 94 3C 7F 
97101 84 33 78 
97101 84 48 78 
97101 94 48 7F 
97295 84 48 78 
97295 94 4A 7F 
97489 94 4B 7F 
97489 94 33 7F 
97489 84 4A 78 
97489 84 3C 78 
97489 84 2C 78 
97874 94 46 7F 
97874 84 4B 78 
97874 84 33 78 
97874 94 2B 7F 
98071 94 32 7F 
98265 84 32 78 
98265 84 46 78 
98265 94 3A 7F 
98265 94 4F 7F 
98653 84 2B 78 
98653 84 3A 78 
98653 94 32 7F 
99041 94 44 7F 
99041 94 29 7F 
99041 84 4F 78 
99041 84 32 78 
99235 94 30 7F 
99429 84 30 78 
99429 84 44 78 
99429 94 38 7F 
99429 94 44 7F 
99620 84 44 78 
99620 94 46 7F 
99817 84 29 78 
99817 94 48 7F 
99817 94 30 7F 
99817 84 46 78 
99817 84 38 78 
100205 94 2E 7F 
100205 84 30 78 
100205 84 48 78 
100205 94 4A 7F 
100396 94 35 7F 
100594 94 48 7F 
100594 84 35 78 
100594 84 4A 78 
100594 94 3E 7F 
100982 94 46 7F 
100982 94 35 7F 
100982 84 48 78 
100982 84 2E 78 
100982 84 3E 78 
101370 84 46 78 
101370 94 43 7F 
101370 84 35 78 
101370 94 27 7F 
101564 94 2E 7F 
101758 94 37 7F 
101758 84 2E 78 
102143 84 27 78 
102143 84 37 78 
102143 84 43 78 
102143 94 2E 7F 
102143 94 41 7F 
102534 94 2B 7F 
102534 84 2E 78 
102534 84 41 78 
102534 94 43 7F 
102728 94 32 7F 
102922 94 3B 7F 
102922 84 32 78 
103310 84 2B 78 
103310 84 3B 78 
103310 84 43 78 
103310 94 37 7F 
103310 94 43 7F 
103698 94 4B 7F 
103698 84 37 78 
103698 94 30 7F 
103698 84 43 78 
103889 94 37 7F 
104086 94 3C 7F 
104086 84 37 78 
104086 84 4B 78 
104086 94 4B 7F 
104280 94 4D 7F 
104280 84 4B 78 
104474 94 4F 7F 
104474 94 37 7F 
104474 84 4D 78 
104474 84 3C 78 
104474 84 30 78 
104862 94 4A 7F 
104862 94 2E 7F 
104862 84 4F 78 
104862 84 37 78 
105056 94 35 7F 
105250 84 35 78 
105250 94 52 7F 
105250 94 3E 7F 
105250 84 4A 78 
105635 94 35 7F 
105635 84 2E 78 
105635 84 3E 78 
106026 94 2C 7F 
106026 84 35 78 
106026 84 52 78 
106026 94 48 7F 
106220 94 33 7F 
106414 84 33 78 
106414 84 48 78 
106414 94 3C 7F 
106414 94 48 7F 
106608 84 48 78 
106608 94 4A 7F 
106802 84 4A 78 
106802 94 33 7F 
106802 94 4B 7F 
106802 84 2C 78 
106802 84 3C 78 
107190 84 33 78 
107190 84 4B 78 
107190 94 46 7F 
107190 94 2B 7F 
107384 94 32 7F 
107578 84 32 78 
107578 94 4F 7F 
107578 94 3A 7F 
107578 84 46 78 
107966 94 32 7F 
107966 84 3A 78 
107966 84 2B 78 
108354 84 32 78 
108354 84 4F 78 
108354 94 44 7F 
108354 94 29 7F 
108548 94 30 7F 
108742 84 30 78 
108742 84 44 78 
108742 94 38 7F 
108742 94 44 7F 
108936 84 44 78 
108936 94 46 7F 
109130 94 48 7F 
109130 94 30 7F 
109130 84 46 78 
109130 84 38 78 
109130 84 29 78 
109518 94 2B 7F 
109518 84 30 78 
109518 84 48 78 
109518 94 4A 7F 
109712 94 32 7F 
109906 94 3A 7F 
109906 84 32 78 
109906 84 4A 78 
109906 94 48 7F 
110294 84 2B 78 
110294 84 3A 78 
110294 84 48 78 
110294 94 32 7F 
110294 94 46 7F 
110682 94 2C 7F 
110682 84 32 78 
110682 84 46 78 
110682 94 48 7F 
110876 94 33 7F 
111070 94 3C 7F 
111070 84 33 78 
111458 94 46 7F 
111458 94 2E 7F 
111458 84 48 78 
111458 84 3C 78 
111458 84 2C 78 
111847 84 46 78 
111847 94 30 7F 
111847 84 2E 78 
111847 94 48 7F 
112041 94 37 7F 
112235 84 37 78 
112235 94 3C 7F 
112623 94 43 7F 
112623 84 48 78 
112623 94 37 7F 
112623 84 3C 78 
112623 84 30 78 
113005 84 37 78 
113008 84 43 78 
113011 94 4B 7F 
113011 94 30 7F 
113205 94 37 7F 
113399 84 37 78 
113399 84 4B 78 
113399 94 3C 7F 
113399 94 4B 7F 
113593 94 4D 7F 
113593 84 4B 78 
113787 94 4F 7F 
113787 94 37 7F 
113787 84 4D 78 
113787 84 3C 78 
113787 84 30 78 
114176 84 37 78 
114176 94 4A 7F 
114176 94 2E 7F 
114176 84 4F 78 
114370 94 35 7F 
114564 84 4A 78 
114564 94 3E 7F 
114564 94 52 7F 
114564 84 35 78 
114952 84 3E 78 
114952 84 2E 78 
114952 94 35 7F 
115340 94 48 7F 
115340 94 2C 7F 
115340 84 52 78 
115340 84 35 78 
115534 94 33 7F 
115728 84 48 78 
115728 84 33 78 
115728 94 3C 7F 
115728 94 48 7F 
115922 84 48 78 
115922 94 4A 7F 
116116 84 3C 78 
116116 94 4B 7F 
116116 94 33 7F 
116116 84 4A 78 
116116 84 2C 78 
116504 84 33 78 
116504 94 2B 7F 
116504 84 4B 78 
116504 94 46 7F 
116698 94 32 7F 
116892 84 32 78 
116892 84 46 78 
116892 94 3A 7F 
116892 94 4F 7F 
117280 84 2B 78 
117280 84 3A 78 
117280 94 32 7F 
117668 84 32 78 
117668 84 4F 78 
117668 94 29 7F 
117668 94 44 7F 
117862 94 30 7F 
118056 84 44 78 
118056 84 30 78 
118056 94 38 7F 
118056 94 44 7F 
118250 84 44 78 
118250 94 46 7F 
118444 94 30 7F 
118444 84 29 78 
118444 84 38 78 
118444 84 46 78 
118444 94 48 7F 
118832 94 2E 7F 
118832 94 4A 7F 
118832 84 48 78 
118832 84 30 78 
119026 94 35 7F 
119220 94 3E 7F 
119220 84 4A 78 
119220 84 35 78 
119220 94 48 7F 
119608 94 35 7F 
119608 84 3E 78 
119608 84 2E 78 
119608 94 46 7F 
119608 84 48 78 
119996 94 43 7F 
119996 84 46 78 
119996 84 35 78 
119996 94 27 7F 
120190 94 2E 7F 
120384 84 2E 78 
120384 94 37 7F 
120772 84 27 78 
120772 84 37 78 
120772 84 43 78 
120772 94 2E 7F 
120772 94 41 7F 
121160 94 43 7F 
121160 94 2B 7F 
121160 84 2E 78 
121160 84 41 78 
121354 94 32 7F 
121548 84 32 78 
121548 94 3B 7F 
121936 84 3B 78 
121936 84 2B 78 
121936 84 43 78 
121936 94 37 7F 
121936 94 43 7F 
122324 94 4B 7F 
122324 94 30 7F 
122324 84 43 78 
122324 84 37 78 
122518 94 37 7F 
122712 94 3C 7F 
122712 84 37 78 
122712 94 4B 7F 
122712 84 4B 78 
122906 94 4D 7F 
122906 84 4B 78 
123100 84 30 78 
123100 84 3C 78 
123100 84 4D 78 
123100 94 4F 7F 
123100 94 37 7F 
123488 84 37 78 
123488 84 4F 78 
123488 94 2E 7F 
123488 94 4A 7F 
123682 94 35 7F 
123876 94 52 7F 
123876 94 3E 7F 
123876 84 4A 78 
123876 84 35 78 
124264 84 3E 78 
124264 84 2E 78 
124264 94 35 7F 
124652 94 48 7F 
124652 84 52 78 
124652 84 35 78 
124652 94 2C 7F 
124846 94 33 7F 
125040 84 33 78 
125040 94 48 7F 
125040 94 3C 7F 
125040 84 48 78 
125234 94 4A 7F 
125234 84 48 78 
125428 94 4B 7F 
125428 94 33 7F 
125428 84 2C 78 
125428 84 3C 78 
125428 84 4A 78 
125816 94 46 7F 
125816 94 2B 7F 
125816 84 4B 78 
125816 84 33 78 
126010 94 32 7F 
126204 84 46 78 
126204 94 3A 7F 
126204 94 4F 7F 
126204 84 32 78 
126592 84 2B 78 
126592 94 32 7F 
126592 84 3A 78 
126980 94 44 7F 
126980 94 29 7F 
126980 84 32 78 
126980 84 4F 78 
127174 94 30 7F 
127368 84 30 78 
127368 84 44 78 
127368 94 38 7F 
127368 94 44 7F 
127562 94 46 7F 
127562 84 44 78 
127756 94 48 7F 
127756 94 30 7F 
127756 84 46 78 
127756 84 38 78 
127756 84 29 78 
128144 94 2B 7F 
128144 84 30 78 
128144 84 48 78 
128144 94 4A 7F 
128338 94 32 7F 
128532 94 48 7F 
128532 94 3A 7F 
128532 84 4A 78 
128532 84 32 78 
128920 94 46 7F 
128920 84 2B 78 
128920 84 3A 78 
128920 84 48 78 
128920 94 32 7F 
129308 94 2C 7F 
129308 84 32 78 
129308 84 46 78 
129308 94 48 7F 
129502 94 33 7F 
129696 84 33 78 
129696 94 3C 7F 
130084 84 2C 78 
130084 84 3C 78 
130084 84 48 78 
130084 94 2E 7F 
130084 94 46 7F 
130473 84 2E 78 
130473 84 46 78 
130473 94 30 7F 
130473 94 48 7F 
130667 94 37 7F 
130861 84 37 78 
130861 94 3C 7F 
131249 84 30 78 
131249 84 3C 78 
131249 84 48 78 
131249 94 37 7F 
131630 FF 01 03 65 6E 64 
131630 84 37 78 
131633 FF 2F 00 
-------------5-------------
0 FF 01 05 73 74 61 72 74 
0 C5 0D 
0 B5 00 01 
38098 95 4F 78 
38477 85 4F 78 
38486 95 57 78 
38874 95 57 78 
38874 85 57 78 
39065 85 57 78 
39065 95 59 78 
39262 95 5B 78 
39262 85 59 78 
39651 85 5B 78 
39651 95 56 78 
40039 95 5E 78 
40039 85 56 78 
40815 95 54 78 
40815 85 5E 78 
41200 85 54 78 
41200 95 54 78 
41397 95 56 78 
41397 85 54 78 
41591 85 56 78 
41591 95 57 78 
41980 85 57 78 
41980 95 52 78 
42368 85 52 78 
42368 95 5B 78 
43144 95 50 78 
43144 85 5B 78 
43533 85 50 78 
43533 95 50 78 
43727 85 50 78 
43727 95 52 78 
43921 95 54 78 
43921 85 52 78 
44310 85 54 78 
44310 95 56 78 
44698 95 54 78 
44698 85 56 78 
45083 85 54 78 
45083 95 52 78 
45474 85 52 78 
45474 95 4F 78 
46250 95 4D 78 
46250 85 4F 78 
46639 85 4D 78 
46639 95 4F 78 
47417 95 4F 78 
47417 85 4F 78 
47805 95 57 78 
47805 85 4F 78 
48193 95 57 78 
48193 85 57 78 
48387 95 59 78 
48387 85 57 78 
48581 95 5B 78 
48581 85 59 78 
48966 85 5B 78 
48966 95 56 78 
49358 85 56 78 
49358 95 5E 78 
50134 95 54 78 
50134 85 5E 78 
50522 85 54 78 
50522 95 54 78 
50716 95 56 78 
50716 85 54 78 
50910 95 57 78 
50910 85 56 78 
51299 85 57 78 
51299 95 52 78 
51687 85 52 78 
51687 95 5B 78 
52463 85 5B 78 
52463 95 50 78 
52848 95 52 78 
52848 85 50 78 
53239 95 54 78 
53239 85 52 78 
53628 95 56 78 
53628 85 54 78 
54016 95 54 78 
54016 85 56 78 
54404 85 54 78 
54404 95 52 78 
54792 95 54 78 
54792 85 52 78 
55568 95 52 78 
55568 85 54 78 
55957 95 54 78 
55957 85 52 78 
56733 85 54 78 
56733 95 4F 78 
57117 85 4F 78 
57120 95 57 78 
57508 85 57 78 
57508 95 57 78 
57702 85 57 78 
57702 95 59 78 
57896 95 5B 78 
57896 85 59 78 
58285 95 56 78 
58285 85 5B 78 
58673 95 5E 78 
58673 85 56 78 
59449 85 5E 78 
59449 95 54 78 
59837 95 54 78 
59837 85 54 78 
60031 95 56 78 
60031 85 54 78 
60225 85 56 78 
60225 95 57 78 
60614 95 52 78 
60614 85 57 78 
61002 95 5B 78 
61002 85 52 78 
61778 95 50 78 
61778 85 5B 78 
62166 85 50 78 
62166 95 50 78 
62360 95 52 78 
62360 85 50 78 
62554 95 54 78 
62554 85 52 78 
62943 95 56 78 
62943 85 54 78 
63331 95 54 78 
63331 85 56 78 
63719 95 52 78 
63719 85 54 78 
64107 85 52 78 
64107 95 4F 78 
64883 85 4F 78 
64883 95 4D 78 
65272 95 4F 78 
65272 85 4D 78 
66048 95 4F 78 
66048 85 4F 78 
66436 85 4F 78 
66436 95 57 78 
66824 95 57 78 
66824 85 57 78 
67018 85 57 78 
67018 95 59 78 
67212 85 59 78 
67212 95 5B 78 
67601 95 56 78 
67601 85 5B 78 
67989 95 5E 78 
67989 85 56 78 
68766 95 54 78 
68766 85 5E 78 
69154 85 54 78 
69154 95 54 78 
69348 95 56 78 
69348 85 54 78 
69542 85 56 78 
69542 95 57 78 
69927 95 52 78 
69927 85 57 78 
70319 95 5B 78 
70319 85 52 78 
71095 85 5B 78 
71095 95 50 78 
71483 85 50 78 
71483 95 52 78 
71871 95 54 78 
71871 85 52 78 
72260 85 54 78 
72260 95 56 78 
72648 95 54 78 
72648 85 56 78 
73037 95 52 78 
73037 85 54 78 
73425 95 54 78 
73425 85 52 78 
74201 85 54 78 
74201 95 52 78 
74586 85 52 78 
74586 95 54 78 
75366 85 54 78 
75753 95 54 78 
76141 85 54 78 
76141 95 54 78 
76332 85 54 78 
76332 95 56 78 
76529 85 56 78 
76529 95 57 78 
76918 85 57 78 
76918 95 56 78 
77306 85 56 78 
77306 95 59 78 
77694 85 59 78 
77694 95 52 78 
78079 85 52 78 
78079 95 4F 78 
78471 85 4F 78 
78471 95 4F 78 
78665 85 4F 78 
78665 95 52 78 
78856 85 52 78 
78856 95 56 78 
79248 85 56 78 
79248 95 54 78 
80024 95 54 78 
80024 85 54 78 
80412 95 55 78 
80412 85 54 78 
80801 85 55 78 
80801 95 55 78 
80995 85 55 78 
80995 95 57 78 
81189 85 57 78 
81189 95 59 78 
81578 85 59 78 
81578 95 5B 78 
81966 95 5C 78 
81966 85 5B 78 
82351 95 5B 78 
82351 85 5C 78 
82548 85 5B 78 
82548 95 59 78 
82742 85 59 78 
82742 95 5B 78 
83518 85 5B 78 
83518 95 57 78 
83907 85 57 78 
83907 95 54 78 
84684 85 54 78 
84684 95 54 78 
85072 95 55 78 
85072 85 54 78 
85460 85 55 78 
85460 95 55 78 
85654 85 55 78 
85654 95 57 78 
85844 85 57 78 
85844 95 59 78 
86236 85 59 78 
86236 95 5B 78 
87012 85 5B 78 
87012 95 57 78 
87400 85 57 78 
87400 95 54 78 
87788 95 54 78 
87788 85 54 78 
87982 95 57 78 
87982 85 54 78 
88176 85 57 78 
88176 95 5B 78 
88564 95 59 78 
88564 85 5B 78 
89340 95 59 78 
89340 85 59 78 
89728 85 59 78 
89728 95 5A 78 
90113 95 5A 78 
90113 85 5A 78 
90310 85 5A 78 
90310 95 5C 78 
90504 85 5C 78 
90504 95 5E 78 
90893 85 5E 78 
90893 95 60 78 
91281 95 5E 78 
91281 85 60 78 
91669 85 5E 78 
91669 95 61 78 
92056 85 61 78 
92056 95 60 78 
93220 95 5F 78 
93220 85 60 78 
93996 FF 01 03 65 6E 64 
93996 85 5F 78 
93999 FF 2F 00 
-------------6-------------
0 B6 00 01 
0 C6 21 
0 FF 01 05 73 74 61 72 74 
38098 96 24 78 
38483 86 24 78 
38486 96 24 78 
39262 96 24 78 
39262 86 24 78 
39651 96 22 78 
39651 86 24 78 
40427 96 22 78 
40427 86 22 78 
40815 86 22 78 
40815 96 20 78 
41591 86 20 78 
41591 96 20 78 
41980 96 1F 78 
41980 86 20 78 
42756 96 1F 78 
42756 86 1F 78 
43144 96 1D 78 
43144 86 1F 78 
43921 96 1D 78 
43921 86 1D 78 
44310 96 22 78 
44310 86 1D 78 
45083 96 22 78 
45083 86 22 78 
45474 86 22 78 
45474 96 27 78 
46250 96 27 78 
46250 86 27 78 
46639 96 1F 78 
46639 86 27 78 
47417 86 1F 78 
47417 96 1F 78 
47805 96 24 78 
47805 86 1F 78 
48581 86 24 78 
48581 96 24 78 
48966 96 22 78 
48966 86 24 78 
49746 86 22 78 
49746 96 22 78 
50134 86 22 78 
50134 96 20 78 
50910 96 20 78 
50910 86 20 78 
51299 96 1F 78 
51299 86 20 78 
52075 96 1F 78 
52075 86 1F 78 
52463 96 1D 78 
52463 86 1F 78 
53239 96 1D 78 
53239 86 1D 78 
53628 96 1F 78 
53628 86 1D 78 
54404 86 1F 78 
54404 96 1F 78 
54792 86 1F 78 
54792 96 20 78 
55568 86 20 78 
55568 96 22 78 
55957 86 22 78 
55957 96 24 78 
56733 86 24 78 
56733 96 24 78 
57114 86 24 78 
57120 96 24 78 
57896 96 24 78 
57896 86 24 78 
58285 86 24 78 
58285 96 22 78 
59061 96 22 78 
59061 86 22 78 
59449 96 20 78 
59449 86 22 78 
60225 86 20 78 
60225 96 20 78 
60614 96 1F 78 
60614 86 20 78 
61390 86 1F 78 
61390 96 1F 78 
61778 96 1D 78 
61778 86 1F 78 
62554 96 1D 78 
62554 86 1D 78 
62943 86 1D 78 
62943 96 22 78 
63719 96 22 78 
63719 86 22 78 
64107 96 27 78 
64107 86 22 78 
64883 96 27 78 
64883 86 27 78 
65272 86 27 78 
65272 96 1F 78 
66048 96 1F 78 
66048 86 1F 78 
66436 96 24 78 
66436 86 1F 78 
67212 96 24 78 
67212 86 24 78 
67601 96 22 78 
67601 86 24 78 
68378 86 22 78 
68378 96 22 78 
68766 86 22 78 
68766 96 20 78 
69542 96 20 78 
69542 86 20 78 
69927 86 20 78 
69927 96 1F 78 
70707 86 1F 78 
70707 96 1F 78 
71095 86 1F 78 
71095 96 1D 78 
71871 86 1D 78 
71871 96 1D 78 
72260 96 1F 78 
72260 86 1D 78 
73037 86 1F 78 
73037 96 1F 78 
73425 96 20 78 
73425 86 1F 78 
74201 96 22 78 
74201 86 20 78 
74586 96 24 78 
74586 86 22 78 
75366 86 24 78 
75366 96 24 78 
75747 86 24 78 
75753 96 29 78 
76529 86 29 78 
76529 96 29 78 
76918 86 29 78 
76918 96 22 78 
77694 86 22 78 
77694 96 22 78 
78079 86 22 78 
78079 96 27 78 
78856 96 27 78 
78856 86 27 78 
79248 86 27 78 
79248 96 2C 78 
80024 96 2C 78 
80024 86 2C 78 
80412 96 25 78 
80412 86 2C 78 
81189 86 25 78 
81189 96 25 78 
81578 96 2B 78 
81578 86 25 78 
82351 96 2B 78 
82351 86 2B 78 
82742 96 24 78 
82742 86 2B 78 
83518 96 24 78 
83518 86 24 78 
83907 86 24 78 
83907 96 24 78 
84684 86 24 78 
84684 96 24 78 
85072 86 24 78 
85072 96 25 78 
85844 96 25 78 
85844 86 25 78 
86236 96 27 78 
86236 86 25 78 
87012 86 27 78 
87012 96 27 78 
87400 96 24 78 
87400 86 27 78 
88176 86 24 78 
88176 96 24 78 
88564 86 24 78 
88564 96 29 78 
89340 96 29 78 
89340 86 29 78 
89728 86 29 78 
89728 96 2A 78 
90504 86 2A 78 
90504 96 2A 78 
90893 96 2B 78 
90893 86 2A 78 
91669 96 2B 78 
91669 86 2B 78 
92056 96 2B 78 
92056 86 2B 78 
92831 86 2B 78 
92831 96 2B 78 
93220 86 2B 78 
93220 96 2B 78 
93996 96 2B 78 
93996 86 2B 78 
94377 86 2B 78 
94380 96 24 78 
95159 96 24 78 
95159 86 24 78 
95548 96 22 78 
95548 86 24 78 
96325 96 22 78 
96325 86 22 78 
96713 86 22 78 
96713 96 20 78 
97489 96 20 78 
97489 86 20 78 
97874 86 20 78 
97874 96 1F 78 
98653 86 1F 78 
98653 96 1F 78 
99041 86 1F 78 
99041 96 1D 78 
99817 96 1D 78 
99817 86 1D 78 
100205 86 1D 78 
100205 96 22 78 
100982 86 22 78 
100982 96 22 78 
101370 86 22 78 
101370 96 27 78 
102143 96 27 78 
102143 86 27 78 
102534 86 27 78 
102534 96 1F 78 
103310 86 1F 78 
103310 96 1F 78 
103698 86 1F 78 
103698 96 24 78 
104474 96 24 78 
104474 86 24 78 
104862 86 24 78 
104862 96 22 78 
105635 86 22 78 
105635 96 22 78 
106026 96 20 78 
106026 86 22 78 
106802 96 20 78 
106802 86 20 78 
107190 96 1F 78 
107190 86 20 78 
107966 96 1F 78 
107966 86 1F 78 
108354 96 1D 78 
108354 86 1F 78 
109130 86 1D 78 
109130 96 1D 78 
109518 86 1D 78 
109518 96 1F 78 
110294 96 1F 78 
110294 86 1F 78 
110682 86 1F 78 
110682 96 20 78 
111458 96 22 78 
111458 86 20 78 
111847 96 24 78 
111847 86 22 78 
112623 96 24 78 
112623 86 24 78 
113011 86 24 78 
113011 96 24 78 
113787 86 24 78 
113787 96 24 78 
114176 96 22 78 
114176 86 24 78 
114952 86 22 78 
114952 96 22 78 
115340 86 22 78 
115340 96 20 78 
116116 86 20 78 
116116 96 20 78 
116504 86 20 78 
116504 96 1F 78 
117280 96 1F 78 
117280 86 1F 78 
117668 86 1F 78 
117668 96 1D 78 
118444 86 1D 78 
118444 96 1D 78 
118832 86 1D 78 
118832 96 22 78 
119608 96 22 78 
119608 86 22 78 
119996 96 27 78 
119996 86 22 78 
120772 86 27 78 
120772 96 27 78 
121160 96 1F 78 
121160 86 27 78 
121936 96 1F 78 
121936 86 1F 78 
122324 86 1F 78 
122324 96 24 78 
123100 96 24 78 
123100 86 24 78 
123488 86 24 78 
123488 96 22 78 
124264 96 22 78 
124264 86 22 78 
124652 86 22 78 
124652 96 20 78 
125428 86 20 78 
125428 96 20 78 
125816 86 20 78 
125816 96 1F 78 
126592 96 1F 78 
126592 86 1F 78 
126980 86 1F 78 
126980 96 1D 78 
127756 96 1D 78 
127756 86 1D 78 
128144 96 1F 78 
128144 86 1D 78 
128920 86 1F 78 
128920 96 1F 78 
129308 96 20 78 
129308 86 1F 78 
130084 86 20 78 
130084 96 22 78 
130473 96 24 78 
130473 86 22 78 
131249 FF 01 03 65 6E 64 
131249 86 24 78 
131252 FF 2F 00 
-------------7-------------
0 FF 01 05 73 74 61 72 74 
0 C7 38 
0 B7 00 01 
27222 97 4B 60 
27611 97 4A 60 
27611 87 4B 78 
27999 87 4A 78 
27999 97 48 60 
28776 87 48 78 
28776 97 47 60 
29164 97 48 60 
29164 87 47 78 
30328 97 4A 60 
30328 87 48 78 
31494 87 4A 78 
31494 97 4B 60 
32270 97 4F 60 
32270 87 4B 78 
32658 87 4F 78 
32658 97 52 60 
33824 97 50 60 
33824 87 52 78 
34212 87 50 78 
34212 97 4F 60 
34601 97 4D 60 
34601 87 4F 78 
34986 97 4A 60 
34986 87 4D 78 
35767 97 4A 60 
35767 87 4A 78 
36155 87 4A 78 
36155 97 48 60 
36931 87 48 78 
36931 97 4A 60 
37317 87 4A 78 
37317 97 48 60 
38098 87 48 78 
56733 97 43 60 
57114 87 43 78 
57120 97 4B 60 
57508 97 4B 60 
57508 87 4B 78 
57702 87 4B 78 
57702 97 4D 60 
57896 87 4D 78 
57896 97 4F 60 
58285 97 4A 60 
58285 87 4F 78 
58673 87 4A 78 
58673 97 52 60 
59449 97 48 60 
59449 87 52 78 
59837 97 48 60 
59837 87 48 78 
60031 97 4A 60 
60031 87 48 78 
60225 87 4A 78 
60225 97 4B 60 
60614 97 46 60 
60614 87 4B 78 
61002 97 4F 60 
61002 87 46 78 
61778 97 44 60 
61778 87 4F 78 
62166 87 44 78 
62166 97 44 60 
62360 97 46 60 
62360 87 44 78 
62554 87 46 78 
62554 97 48 60 
62943 97 4A 60 
62943 87 48 78 
63331 87 4A 78 
63331 97 48 60 
63719 87 48 78 
63719 97 46 60 
64107 87 46 78 
64107 97 43 60 
64883 97 41 60 
64883 87 43 78 
65272 87 41 78 
65272 97 43 60 
66048 87 43 78 
66048 97 43 60 
66436 87 43 78 
66436 97 4B 60 
66824 87 4B 78 
66824 97 4B 60 
67018 87 4B 78 
67018 97 4D 60 
67212 87 4D 78 
67212 97 4F 60 
67601 97 4A 60 
67601 87 4F 78 
67989 87 4A 78 
67989 97 52 60 
68766 97 48 60 
68766 87 52 78 
69154 87 48 78 
69154 97 48 60 
69348 87 48 78 
69348 97 4A 60 
69542 97 4B 60 
69542 87 4A 78 
69927 87 4B 78 
69927 97 46 60 
70319 87 46 78 
70319 97 4F 60 
71095 87 4F 78 
71095 97 44 60 
71483 97 46 60 
71483 87 44 78 
71871 87 46 78 
71871 97 48 60 
72260 97 4A 60 
72260 87 48 78 
72648 87 4A 78 
72648 97 48 60 
73037 97 46 60 
73037 87 48 78 
73425 97 48 60 
73425 87 46 78 
74201 97 46 60 
74201 87 48 78 
74586 97 48 60 
74586 87 46 78 
75366 87 48 78 
94380 97 4B 60 
94771 97 4B 60 
94771 87 4B 78 
94965 87 4B 78 
94965 97 4D 60 
95159 97 4F 60 
95159 87 4D 78 
95548 97 4A 60 
95548 87 4F 78 
95936 87 4A 78 
95936 97 52 60 
96713 97 48 60 
96713 87 52 78 
97101 97 48 60 
97101 87 48 78 
97295 97 4A 60 
97295 87 48 78 
97489 97 4B 60 
97489 87 4A 78 
97874 87 4B 78 
97874 97 46 60 
98265 97 4F 60 
98265 87 46 78 
99041 97 44 60 
99041 87 4F 78 
99429 87 44 78 
99429 97 44 60 
99620 97 46 60 
99620 87 44 78 
99817 87 46 78 
99817 97 48 60 
100205 87 48 78 
100205 97 4A 60 
100594 87 4A 78 
100594 97 48 60 
100982 97 46 60 
100982 87 48 78 
101370 87 46 78 
101370 97 43 60 
102143 97 41 60 
102143 87 43 78 
102534 87 41 78 
102534 97 43 60 
103310 87 43 78 
103310 97 43 60 
103698 97 4B 60 
103698 87 43 78 
104086 87 4B 78 
104086 97 4B 60 
104280 87 4B 78 
104280 97 4D 60 
104474 97 4F 60 
104474 87 4D 78 
104862 97 4A 60 
104862 87 4F 78 
105250 97 52 60 
105250 87 4A 78 
106026 87 52 78 
106026 97 48 60 
106414 97 48 60 
106414 87 48 78 
106608 87 48 78 
106608 97 4A 60 
106802 87 4A 78 
106802 97 4B 60 
107190 97 46 60 
107190 87 4B 78 
107578 97 4F 60 
107578 87 46 78 
108354 97 44 60 
108354 87 4F 78 
108742 97 46 60 
108742 87 44 78 
109130 87 46 78 
109130 97 48 60 
109518 87 48 78 
109518 97 4A 60 
109906 87 4A 78 
109906 97 48 60 
110294 97 46 60 
110294 87 48 78 
110682 97 48 60 
110682 87 46 78 
111458 87 48 78 
111458 97 46 60 
111847 87 46 78 
111847 97 48 60 
112623 87 48 78 
112623 97 43 60 
113005 87 43 78 
113011 97 4B 60 
113399 87 4B 78 
113399 97 4B 60 
113593 87 4B 78 
113593 97 4D 60 
113787 97 4F 60 
113787 87 4D 78 
114176 97 4A 60 
114176 87 4F 78 
114564 87 4A 78 
114564 97 52 60 
115340 87 52 78 
115340 97 48 60 
115728 97 48 60 
115728 87 48 78 
115922 97 4A 60 
115922 87 48 78 
116116 87 4A 78 
116116 97 4B 60 
116504 87 4B 78 
116504 97 46 60 
116892 87 46 78 
116892 97 4F 60 
117668 87 4F 78 
117668 97 44 60 
118056 97 44 60 
118056 87 44 78 
118250 97 46 60 
118250 87 44 78 
118444 87 46 78 
118444 97 48 60 
118832 97 4A 60 
118832 87 48 78 
119220 87 4A 78 
119220 97 48 60 
119608 97 46 60 
119608 87 48 78 
119996 97 43 60 
119996 87 46 78 
120772 87 43 78 
120772 97 41 60 
121160 97 43 60 
121160 87 41 78 
121936 97 43 60 
121936 87 43 78 
122324 87 43 78 
122324 97 4B 60 
122712 97 4B 60 
122712 87 4B 78 
122906 87 4B 78 
122906 97 4D 60 
123100 97 4F 60 
123100 87 4D 78 
123488 87 4F 78 
123488 97 4A 60 
123876 87 4A 78 
123876 97 52 60 
124652 97 48 60 
124652 87 52 78 
125040 97 48 60 
125040 87 48 78 
125234 97 4A 60 
125234 87 48 78 
125428 97 4B 60 
125428 87 4A 78 
125816 97 46 60 
125816 87 4B 78 
126204 87 46 78 
126204 97 4F 60 
126980 97 44 60 
126980 87 4F 78 
127368 87 44 78 
127368 97 46 60 
127756 87 46 78 
127756 97 48 60 
128144 97 4A 60 
128144 87 48 78 
128532 87 4A 78 
128532 97 48 60 
128920 97 46 60 
128920 87 48 78 
129308 87 46 78 
129308 97 48 60 
130084 87 48 78 
130084 97 46 60 
130473 87 46 78 
130473 97 48 60 
131249 FF 01 03 65 6E 64 
131249 87 48 78 
131252 FF 2F 00 
-------------8-------------
0 FF 01 05 73 74 61 72 74 
0 C9 04 
0 B9 00 7F 
38486 89 45 78 
38486 99 45 78 
38680 89 45 78 
38874 99 45 78 
38971 89 45 78 
39065 99 45 78 
39165 89 45 78 
39262 99 45 78 
39359 89 45 78 
39651 99 45 78 
39845 89 45 78 
40039 99 45 78 
40233 89 45 78 
40427 99 45 78 
40524 89 45 78 
40621 99 45 78 
40718 89 45 78 
40815 99 45 78 
41009 89 45 78 
41200 99 45 78 
41300 89 45 78 
41397 99 45 78 
41494 89 45 78 
41591 99 45 78 
41688 89 45 78 
41980 99 45 78 
42174 89 45 78 
42368 99 45 78 
42562 89 45 78 
42756 99 45 78 
42853 89 45 78 
42947 99 45 78 
43047 89 45 78 
43144 99 45 78 
43335 89 45 78 
43533 99 45 78 
43630 89 45 78 
43727 99 45 78 
43824 89 45 78 
43921 99 45 78 
44018 89 45 78 
44310 99 45 78 
44504 89 45 78 
44698 99 45 78 
44892 89 45 78 
45083 99 45 78 
45183 89 45 78 
45280 99 45 78 
45377 89 45 78 
45474 99 45 78 
45668 89 45 78 
45862 99 45 78 
45956 89 45 78 
46056 99 45 78 
46153 89 45 78 
46250 99 45 78 
46344 89 45 78 
46639 99 45 78 
46830 89 45 78 
47028 99 45 78 
47219 89 45 78 
47417 99 45 78 
47514 89 45 78 
47611 99 45 78 
47708 89 45 78 
47805 99 45 78 
47805 89 45 78 
47999 89 45 78 
48193 99 45 78 
48290 89 45 78 
48387 99 45 78 
48484 89 45 78 
48581 99 45 78 
48678 89 45 78 
48966 99 45 78 
49164 89 45 78 
49358 99 45 78 
49552 89 45 78 
49746 99 45 78 
49840 89 45 78 
49940 99 45 78 
50037 89 45 78 
50134 99 45 78 
50328 89 45 78 
50522 99 45 78 
50619 89 45 78 
50716 99 45 78 
50813 89 45 78 
50910 99 45 78 
51007 89 45 78 
51299 99 45 78 
51493 89 45 78 
51687 99 45 78 
51881 89 45 78 
52075 99 45 78 
52172 89 45 78 
52269 99 45 78 
52366 89 45 78 
52463 99 45 78 
52657 89 45 78 
52848 99 45 78 
52948 89 45 78 
53045 99 45 78 
53142 89 45 78 
53239 99 45 78 
53336 89 45 78 
53628 99 45 78 
53822 89 45 78 
54016 99 45 78 
54210 89 45 78 
54404 99 45 78 
54501 89 45 78 
54598 99 45 78 
54695 89 45 78 
54792 99 45 78 
54986 89 45 78 
55180 99 45 78 
55277 89 45 78 
55374 99 45 78 
55471 89 45 78 
55568 99 45 78 
55665 89 45 78 
55957 99 45 78 
56151 89 45 78 
56345 99 45 78 
56539 89 45 78 
56733 99 45 78 
56830 89 45 78 
56927 99 45 78 
57024 89 45 78 
57120 99 45 78 
57120 89 45 78 
57314 89 45 78 
57508 99 45 78 
57605 89 45 78 
57702 99 45 78 
57799 89 45 78 
57896 99 45 78 
57993 89 45 78 
58285 99 45 78 
58479 89 45 78 
58673 99 45 78 
58867 89 45 78 
59061 99 45 78 
59158 89 45 78 
59255 99 45 78 
59352 89 45 78 
59449 99 45 78 
59643 89 45 78 
59837 99 45 78 
59934 89 45 78 
60031 99 45 78 
60128 89 45 78 
60225 99 45 78 
60322 89 45 78 
60614 99 45 78 
60808 89 45 78 
61002 99 45 78 
61196 89 45 78 
61390 99 45 78 
61487 89 45 78 
61584 99 45 78 
61681 89 45 78 
61778 99 45 78 
61972 89 45 78 
62166 99 45 78 
62263 89 45 78 
62360 99 45 78 
62457 89 45 78 
62554 99 45 78 
62651 89 45 78 
62943 99 45 78 
63137 89 45 78 
63331 99 45 78 
63525 89 45 78 
63719 99 45 78 
63816 89 45 78 
63913 99 45 78 
64010 89 45 78 
64107 99 45 78 
64301 89 45 78 
64495 99 45 78 
64592 89 45 78 
64689 99 45 78 
64786 89 45 78 
64883 99 45 78 
64980 89 45 78 
65272 99 45 78 
65466 89 45 78 
65660 99 45 78 
65854 89 45 78 
66048 99 45 78 
66145 89 45 78 
66242 99 45 78 
66339 89 45 78 
66436 99 45 78 
66436 89 45 78 
66630 89 45 78 
66824 99 45 78 
66921 89 45 78 
67018 99 45 78 
67115 89 45 78 
67212 99 45 78 
67309 89 45 78 
67601 99 45 78 
67795 89 45 78 
67989 99 45 78 
68180 89 45 78 
68378 99 45 78 
68475 89 45 78 
68572 99 45 78 
68666 89 45 78 
68766 99 45 78 
68960 89 45 78 
69154 99 45 78 
69248 89 45 78 
69348 99 45 78 
69445 89 45 78 
69542 99 45 78 
69639 89 45 78 
69927 99 45 78 
70125 89 45 78 
70319 99 45 78 
70513 89 45 78 
70707 99 45 78 
70804 89 45 78 
70901 99 45 78 
70998 89 45 78 
71095 99 45 78 
71289 89 45 78 
71483 99 45 78 
71580 89 45 78 
71674 99 45 78 
71774 89 45 78 
71871 99 45 78 
71968 89 45 78 
72260 99 45 78 
72454 89 45 78 
72648 99 45 78 
72839 89 45 78 
73037 99 45 78 
73134 89 45 78 
73231 99 45 78 
73325 89 45 78 
73425 99 45 78 
73619 89 45 78 
73813 99 45 78 
73910 89 45 78 
74007 99 45 78 
74101 89 45 78 
74201 99 45 78 
74298 89 45 78 
74586 99 45 78 
74784 89 45 78 
74978 99 45 78 
75172 89 45 78 
75366 99 45 78 
75463 89 45 78 
75560 99 45 78 
75657 89 45 78 
75753 99 45 78 
75753 89 45 78 
75947 89 45 78 
76141 99 45 78 
76238 89 45 78 
76332 99 45 78 
76432 89 45 78 
76529 99 45 78 
76626 89 45 78 
76918 99 45 78 
77112 89 45 78 
77306 99 45 78 
77500 89 45 78 
77694 99 45 78 
77791 89 45 78 
77888 99 45 78 
77985 89 45 78 
78079 99 45 78 
78277 89 45 78 
78471 99 45 78 
78568 89 45 78 
78665 99 45 78 
78762 89 45 78 
78856 99 45 78 
78956 89 45 78 
79248 99 45 78 
79442 89 45 78 
79636 99 45 78 
79830 89 45 78 
80024 99 45 78 
80121 89 45 78 
80218 99 45 78 
80315 89 45 78 
80412 99 45 78 
80603 89 45 78 
80801 99 45 78 
80898 89 45 78 
80995 99 45 78 
81089 89 45 78 
81189 99 45 78 
81286 89 45 78 
81578 99 45 78 
81772 89 45 78 
81966 99 45 78 
82160 89 45 78 
82351 99 45 78 
82451 89 45 78 
82548 99 45 78 
82645 89 45 78 
82742 99 45 78 
82936 89 45 78 
83130 99 45 78 
83227 89 45 78 
83324 99 45 78 
83421 89 45 78 
83518 99 45 78 
83612 89 45 78 
83907 99 45 78 
84098 89 45 78 
84296 99 45 78 
84490 89 45 78 
84684 99 45 78 
84781 89 45 78 
84878 99 45 78 
84975 89 45 78 
85069 89 45 78 
85069 99 45 78 
85260 89 45 78 
85457 99 45 78 
85554 89 45 78 
85651 99 45 78 
85744 89 45 78 
85844 99 45 78 
85941 89 45 78 
86233 99 45 78 
86427 89 45 78 
86621 99 45 78 
86815 89 45 78 
87006 99 45 78 
87106 89 45 78 
87203 99 45 78 
87300 89 45 78 
87397 99 45 78 
87591 89 45 78 
87785 99 45 78 
87882 89 45 78 
87979 99 45 78 
88076 89 45 78 
88173 99 45 78 
88266 89 45 78 
88561 99 45 78 
88752 89 45 78 
88949 99 45 78 
89143 89 45 78 
89337 99 45 78 
89434 89 45 78 
89528 99 45 78 
89628 89 45 78 
89725 99 45 78 
89919 89 45 78 
90113 99 45 78 
90210 89 45 78 
90307 99 45 78 
90404 89 45 78 
90501 99 45 78 
90598 89 45 78 
90890 99 45 78 
91084 89 45 78 
91275 99 45 78 
91472 89 45 78 
91666 99 45 78 
91759 89 45 78 
91859 99 45 78 
91956 89 45 78 
92053 99 45 78 
92247 89 45 78 
92441 99 45 78 
92534 89 45 78 
92634 99 45 78 
92731 89 45 78 
92828 99 45 78 
92925 89 45 78 
93217 99 45 78 
93411 89 45 78 
93605 99 45 78 
93799 89 45 78 
93993 99 45 78 
94089 89 45 78 
94186 99 45 78 
94280 89 45 78 
94380 99 45 78 
94380 89 45 78 
94577 89 45 78 
94771 99 45 78 
94865 89 45 78 
94965 99 45 78 
95062 89 45 78 
95159 99 45 78 
95256 89 45 78 
95548 99 45 78 
95742 89 45 78 
95936 99 45 78 
96127 89 45 78 
96325 99 45 78 
96422 89 45 78 
96519 99 45 78 
96613 89 45 78 
96713 99 45 78 
96907 89 45 78 
97101 99 45 78 
97198 89 45 78 
97295 99 45 78 
97389 89 45 78 
97489 99 45 78 
97586 89 45 78 
97874 99 45 78 
98071 89 45 78 
98265 99 45 78 
98459 89 45 78 
98653 99 45 78 
98750 89 45 78 
98847 99 45 78 
98944 89 45 78 
99041 99 45 78 
99235 89 45 78 
99429 99 45 78 
99526 89 45 78 
99620 99 45 78 
99720 89 45 78 
99817 99 45 78 
99914 89 45 78 
100205 99 45 78 
100396 89 45 78 
100594 99 45 78 
100788 89 45 78 
100982 99 45 78 
101079 89 45 78 
101176 99 45 78 
101273 89 45 78 
101370 99 45 78 
101564 89 45 78 
101758 99 45 78 
101855 89 45 78 
101952 99 45 78 
102049 89 45 78 
102143 99 45 78 
102243 89 45 78 
102534 99 45 78 
102728 89 45 78 
102922 99 45 78 
103116 89 45 78 
103310 99 45 78 
103407 89 45 78 
103504 99 45 78 
103601 89 45 78 
103695 99 45 78 
103695 89 45 78 
103889 89 45 78 
104083 99 45 78 
104180 89 45 78 
104274 99 45 78 
104374 89 45 78 
104471 99 45 78 
104568 89 45 78 
104859 99 45 78 
105050 89 45 78 
105247 99 45 78 
105441 89 45 78 
105635 99 45 78 
105732 89 45 78 
105829 99 45 78 
105926 89 45 78 
106023 99 45 78 
106217 89 45 78 
106411 99 45 78 
106508 89 45 78 
106605 99 45 78 
106702 89 45 78 
106799 99 45 78 
106896 89 45 78 
107187 99 45 78 
107381 89 45 78 
107575 99 45 78 
107769 89 45 78 
107963 99 45 78 
108060 89 45 78 
108157 99 45 78 
108254 89 45 78 
108351 99 45 78 
108545 89 45 78 
108739 99 45 78 
108836 89 45 78 
108933 99 45 78 
109030 89 45 78 
109127 99 45 78 
109224 89 45 78 
109515 99 45 78 
109709 89 45 78 
109903 99 45 78 
110097 89 45 78 
110291 99 45 78 
110388 89 45 78 
110485 99 45 78 
110582 89 45 78 
110679 99 45 78 
110873 89 45 78 
111067 99 45 78 
111164 89 45 78 
111261 99 45 78 
111358 89 45 78 
111455 99 45 78 
111552 89 45 78 
111844 99 45 78 
112038 89 45 78 
112232 99 45 78 
112426 89 45 78 
112620 99 45 78 
112717 89 45 78 
112814 99 45 78 
112911 89 45 78 
113008 89 45 78 
113008 99 45 78 
113202 89 45 78 
113396 99 45 78 
113493 89 45 78 
113590 99 45 78 
113687 89 45 78 
113784 99 45 78 
113881 89 45 78 
114173 99 45 78 
114367 89 45 78 
114561 99 45 78 
114755 89 45 78 
114949 99 45 78 
115046 89 45 78 
115143 99 45 78 
115240 89 45 78 
115337 99 45 78 
115531 89 45 78 
115725 99 45 78 
115822 89 45 78 
115919 99 45 78 
116016 89 45 78 
116113 99 45 78 
116210 89 45 78 
116501 99 45 78 
116695 89 45 78 
116889 99 45 78 
117083 89 45 78 
117277 99 45 78 
117374 89 45 78 
117471 99 45 78 
117568 89 45 78 
117665 99 45 78 
117859 89 45 78 
118053 99 45 78 
118150 89 45 78 
118247 99 45 78 
118344 89 45 78 
118441 99 45 78 
118538 89 45 78 
118829 99 45 78 
119023 89 45 78 
119217 99 45 78 
119411 89 45 78 
119605 99 45 78 
119702 89 45 78 
119799 99 45 78 
119896 89 45 78 
119993 99 45 78 
120187 89 45 78 
120381 99 45 78 
120478 89 45 78 
120575 99 45 78 
120672 89 45 78 
120769 99 45 78 
120866 89 45 78 
121157 99 45 78 
121351 89 45 78 
121545 99 45 78 
121739 89 45 78 
121933 99 45 78 
122030 89 45 78 
122127 99 45 78 
122224 89 45 78 
122324 99 45 78 
122324 89 45 78 
122518 89 45 78 
122712 99 45 78 
122809 89 45 78 
122906 99 45 78 
123003 89 45 78 
123100 99 45 78 
123197 89 45 78 
123488 99 45 78 
123682 89 45 78 
123876 99 45 78 
124070 89 45 78 
124264 99 45 78 
124361 89 45 78 
124458 99 45 78 
124555 89 45 78 
124652 99 45 78 
124846 89 45 78 
125040 99 45 78 
125137 89 45 78 
125234 99 45 78 
125331 89 45 78 
125428 99 45 78 
125525 89 45 78 
125816 99 45 78 
126010 89 45 78 
126204 99 45 78 
126398 89 45 78 
126592 99 45 78 
126689 89 45 78 
126786 99 45 78 
126883 89 45 78 
126980 99 45 78 
127174 89 45 78 
127368 99 45 78 
127465 89 45 78 
127562 99 45 78 
127659 89 45 78 
127756 99 45 78 
127853 89 45 78 
128144 99 45 78 
128338 89 45 78 
128532 99 45 78 
128726 89 45 78 
128920 99 45 78 
129017 89 45 78 
129114 99 45 78 
129211 89 45 78 
129308 99 45 78 
129502 89 45 78 
129696 99 45 78 
129793 89 45 78 
129890 99 45 78 
129987 89 45 78 
130084 99 45 78 
130181 89 45 78 
130473 99 45 78 
130667 89 45 78 
130861 99 45 78 
131055 89 45 78 
131249 99 45 78 
131346 89 45 78 
131443 99 45 78 
131540 89 45 78 
131540 FF 01 03 65 6E 64 
131543 FF 2F 00 
