16 1 0
24 2 0
24 2 0
24 2 0
32 3 1
32 3 1
32 3 1
32 3 1
32 3 1
36 4 1
36 4 1
40 4 1
40 4 1
48 5 1
48 5 1
48 5 1
48 5 1
48 5 1
56 6 2
56 6 2
56 6 2
56 6 2
56 6 2
72 8 2
72 8 2
72 8 2
72 8 2
72 8 2
80 9 3
80 9 3
80 9 3
80 9 3
80 9 3
84 10 3
84 10 3
88 10 3
88 10 3
96 11 3
96 11 3
96 11 3
96 11 3
96 11 3
104 12 4
104 12 4
104 12 4
104 12 4
104 12 4
120 14 4
120 14 4
120 14 4
120 14 4
120 14 4
128 15 5
128 15 5
128 15 5
128 15 5
128 15 5
132 16 5
132 16 5
136 16 5
136 16 5
144 17 5
144 17 5
144 17 5
144 17 5
144 17 5
152 18 6
152 18 6
152 18 6
152 18 6
152 18 6
160 19 6
160 19 6
168 20 6
168 20 6
168 20 6
168 20 6
168 20 6
176 21 7
176 21 7
176 21 7
184 22 7
184 22 7
192 23 7
192 23 7
192 23 7
192 23 7
192 23 7
200 24 8
200 24 8
200 24 8
208 25 8
208 25 8
216 26 8
216 26 8
216 26 8
216 26 8
216 26 8
224 27 9
224 27 9
224 27 9
224 27 9
224 27 9
228 28 9
228 28 9
232 28 9
232 28 9
240 29 9
240 29 9
240 29 9
240 29 9
240 29 9
248 30 10
248 30 10
248 30 10
248 30 10
248 30 10
264 32 10
264 32 10
264 32 10
264 32 10
264 32 10
272 33 11
272 33 11
272 33 11
272 33 11
272 33 11
276 34 11
276 34 11
280 34 11
280 34 11
288 35 11
288 35 11
288 35 11
288 35 11
288 35 11
296 36 12
296 36 12
296 36 12
296 36 12
296 36 12
312 38 12
312 38 12
312 38 12
312 38 12
312 38 12
320 39 13
320 39 13
320 39 13
320 39 13
320 39 13
328 40 13
328 40 13
336 41 13
336 41 13
336 41 13
336 41 13
336 41 13
344 42 14
344 42 14
344 42 14
344 42 14
344 42 14
352 43 14
352 43 14
360 44 14
360 44 14
360 44 14
360 44 14
360 44 14
368 45 15
368 45 15
376 46 15
376 46 15
376 46 15
385 47 15
385 47 15
401 49 16
401 49 16
409 50 16
409 50 16
409 50 16
409 50 16
413 51 17
417 51 17
417 51 17
417 51 17
421 52 17
421 52 17
421 52 17
425 52 17
425 52 17
433 53 17
433 53 17
433 53 17
433 53 17
433 53 17
433 53 17
433 53 17
437 54 18
441 54 18
441 54 18
441 54 18
453 56 18
457 56 18
457 56 18
457 56 18
457 56 18
457 56 18
457 56 18
457 56 18
461 57 19
465 57 19
465 57 19
465 57 19
469 58 19
469 58 19
473 58 19
473 58 19
477 59 19
481 59 19
481 59 19
481 59 19
481 59 19
481 59 19
481 59 19
481 59 19
485 60 20
489 60 20
489 60 20
489 60 20
501 62 20
505 62 20
505 62 20
505 62 20
505 62 20
505 62 20
505 62 20
505 62 20
509 63 21
513 63 21
513 63 21
513 63 21
517 64 21
517 64 21
521 64 21
521 64 21
525 65 21
529 65 21
529 65 21
529 65 21
529 65 21
529 65 21
529 65 21
529 65 21
533 66 22
537 66 22
537 66 22
537 66 22
545 67 22
545 67 22
549 68 22
553 68 22
553 68 22
553 68 22
553 68 22
553 68 22
553 68 22
553 68 22
557 69 23
561 69 23
561 69 23
569 70 23
569 70 23
569 70 23
569 70 23
573 71 23
577 71 23
577 71 23
577 71 23
577 71 23
577 71 23
577 71 23
577 71 23
577 71 23
577 71 23
581 72 24
585 72 24
593 73 24
593 73 24
593 73 24
593 73 24
597 74 24
601 74 24
601 74 24
601 74 24
601 74 24
601 74 24
601 74 24
601 74 24
601 74 24
601 74 24
605 75 25
609 75 25
609 75 25
609 75 25
613 76 25
613 76 25
617 76 25
617 76 25
621 77 25
625 77 25
625 77 25
625 77 25
625 77 25
625 77 25
625 77 25
625 77 25
625 77 25
625 77 25
629 78 26
633 78 26
633 78 26
633 78 26
645 80 26
649 80 26
649 80 26
649 80 26
649 80 26
649 80 26
649 80 26
649 80 26
649 80 26
649 80 26
653 81 27
657 81 27
657 81 27
657 81 27
661 82 27
661 82 27
665 82 27
665 82 27
665 82 27
665 82 27
669 83 27
673 83 27
673 83 27
673 83 27
673 83 27
673 83 27
673 83 27
673 83 27
673 83 27
673 83 27
677 84 28
681 84 28
681 84 28
681 84 28
693 86 28
697 86 28
697 86 28
697 86 28
697 86 28
697 86 28
697 86 28
697 86 28
697 86 28
697 86 28
701 87 29
705 87 29
705 87 29
705 87 29
705 87 29
705 87 29
713 88 29
713 88 29
713 88 29
713 88 29
717 89 29
721 89 29
721 89 29
721 89 29
721 89 29
721 89 29
721 89 29
721 89 29
721 89 29
721 89 29
725 90 30
729 90 30
729 90 30
729 90 30
737 91 30
737 91 30
737 91 30
737 91 30
741 92 30
745 92 30
745 92 30
745 92 30
745 92 30
745 92 30
745 92 30
745 92 30
745 92 30
745 92 30
749 93 31
753 93 31
757 94 31
761 94 31
761 94 31
761 94 31
761 94 31
761 94 31
761 94 31
761 94 31
761 94 31
769 95 31
769 95 31
769 95 31
769 95 31
769 95 31
769 95 31
769 95 31
769 95 31
769 95 31
773 96 32
777 96 32
785 97 32
785 97 32
785 97 32
785 97 32
785 97 32
785 97 32
785 97 32
789 98 32
793 98 32
793 98 32
793 98 32
793 98 32
793 98 32
793 98 32
793 98 32
793 98 32
793 98 32
793 98 32
797 99 33
797 99 33
801 99 33
801 99 33
801 99 33
801 99 33
801 99 33
801 99 33
801 99 33
803 100 33
805 100 33
805 100 33
805 100 33
805 100 33
805 100 33
807 100 33
809 100 33
809 100 33
809 100 33
809 100 33
809 100 33
809 100 33
809 100 33
809 100 33
809 100 33
809 100 33
811 101 33
817 101 33
817 101 33
817 101 33
817 101 33
817 101 33
817 101 33
817 101 33
817 101 33
817 101 33
821 102 34
821 102 34
825 102 34
825 102 34
825 102 34
825 102 34
825 102 34
825 102 34
825 102 34
829 103 34
833 103 34
833 103 34
833 103 34
833 103 34
833 103 34
833 103 34
835 104 34
837 104 34
839 104 34
841 104 34
841 104 34
841 104 34
841 104 34
841 104 34
841 104 34
841 104 34
841 104 34
841 104 34
845 105 35
845 105 35
849 105 35
849 105 35
849 105 35
849 105 35
849 105 35
849 105 35
849 105 35
851 106 35
853 106 35
853 106 35
853 106 35
853 106 35
853 106 35
855 106 35
857 106 35
857 106 35
857 106 35
857 106 35
857 106 35
857 106 35
857 106 35
857 106 35
857 106 35
857 106 35
859 106 35
865 107 35
865 107 35
865 107 35
865 107 35
865 107 35
865 107 35
865 107 35
865 107 35
865 107 35
869 108 36
869 108 36
873 108 36
873 108 36
873 108 36
873 108 36
873 108 36
873 108 36
873 108 36
877 109 36
881 109 36
881 109 36
881 109 36
881 109 36
881 109 36
881 109 36
883 109 36
885 110 36
887 110 36
889 110 36
889 110 36
889 110 36
889 110 36
889 110 36
889 110 36
889 110 36
889 110 36
889 110 36
893 111 37
893 111 37
897 111 37
897 111 37
897 111 37
897 111 37
897 111 37
897 111 37
897 111 37
899 111 37
901 112 37
901 112 37
901 112 37
901 112 37
901 112 37
903 112 37
905 112 37
905 112 37
905 112 37
905 112 37
905 112 37
905 112 37
905 112 37
905 112 37
905 112 37
905 112 37
907 112 37
913 113 37
913 113 37
913 113 37
913 113 37
913 113 37
913 113 37
913 113 37
913 113 37
913 113 37
917 114 38
917 114 38
921 114 38
921 114 38
921 114 38
921 114 38
921 114 38
921 114 38
921 114 38
925 115 38
929 115 38
929 115 38
929 115 38
929 115 38
929 115 38
929 115 38
929 115 38
929 115 38
929 115 38
929 115 38
931 115 38
933 116 38
935 116 38
937 116 38
937 116 38
937 116 38
937 116 38
937 116 38
937 116 38
937 116 38
937 116 38
937 116 38
941 117 39
941 117 39
945 117 39
945 117 39
945 117 39
947 117 39
949 118 39
951 118 39
953 118 39
953 118 39
953 118 39
953 118 39
953 118 39
953 118 39
953 118 39
953 118 39
953 118 39
953 118 39
955 118 39
961 119 39
961 119 39
961 119 39
961 119 39
961 119 39
961 119 39
961 119 39
961 119 39
961 119 39
965 120 40
965 120 40
969 120 40
969 120 40
969 120 40
973 121 40
977 121 40
977 121 40
977 121 40
977 121 40
977 121 40
977 121 40
977 121 40
977 121 40
977 121 40
977 121 40
979 121 40
981 122 40
983 122 40
985 122 40
985 122 40
985 122 40
985 122 40
985 122 40
985 122 40
985 122 40
985 122 40
985 122 40
985 122 40
989 123 41
989 123 41
993 123 41
993 123 41
993 123 41
993 123 41
993 123 41
993 123 41
993 123 41
995 123 41
997 124 41
997 124 41
997 124 41
997 124 41
997 124 41
999 124 41
1001 124 41
1001 124 41
1001 124 41
1001 124 41
1001 124 41
1001 124 41
1001 124 41
1001 124 41
1001 124 41
1001 124 41
1003 124 41
1009 125 41
1009 125 41
1009 125 41
1009 125 41
1009 125 41
1009 125 41
1009 125 41
1009 125 41
1009 125 41
1013 126 42
1013 126 42
1017 126 42
1017 126 42
1017 126 42
1017 126 42
1017 126 42
1017 126 42
1017 126 42
1021 127 42
1025 127 42
1025 127 42
1025 127 42
1025 127 42
1025 127 42
1025 127 42
1027 127 42
1029 128 42
1031 128 42
1033 128 42
1033 128 42
1033 128 42
1033 128 42
1033 128 42
1033 128 42
1033 128 42
1033 128 42
1033 128 42
1037 129 43
1037 129 43
1041 129 43
1041 129 43
1041 129 43
1041 129 43
1041 129 43
1041 129 43
1041 129 43
1043 129 43
1045 130 43
1045 130 43
1045 130 43
1045 130 43
1045 130 43
1047 130 43
1049 130 43
1049 130 43
1049 130 43
1049 130 43
1049 130 43
1049 130 43
1049 130 43
1049 130 43
1049 130 43
1049 130 43
1051 130 43
1057 131 43
1057 131 43
1057 131 43
1057 131 43
1057 131 43
1057 131 43
1057 131 43
1057 131 43
1057 131 43
1061 132 44
1061 132 44
1065 132 44
1065 132 44
1065 132 44
1065 132 44
1065 132 44
1065 132 44
1065 132 44
1069 133 44
1073 133 44
1073 133 44
1073 133 44
1073 133 44
1073 133 44
1073 133 44
1075 133 44
1077 134 44
1079 134 44
1081 134 44
1081 134 44
1081 134 44
1081 134 44
1081 134 44
1081 134 44
1081 134 44
1081 134 44
1081 134 44
1085 135 45
1085 135 45
1089 135 45
1089 135 45
1089 135 45
1089 135 45
1089 135 45
1089 135 45
1089 135 45
1091 135 45
1093 136 45
1095 136 45
1097 136 45
1097 136 45
1097 136 45
1097 136 45
1097 136 45
1097 136 45
1097 136 45
1097 136 45
1097 136 45
1097 136 45
1099 136 45
1105 137 45
1105 137 45
1105 137 45
1105 137 45
1105 137 45
1105 137 45
1105 137 45
1105 137 45
1105 137 45
1109 138 46
1109 138 46
1113 138 46
1113 138 46
1113 138 46
1113 138 46
1113 138 46
1113 138 46
1113 138 46
1117 139 46
1121 139 46
1121 139 46
1121 139 46
1121 139 46
1121 139 46
1121 139 46
1121 139 46
1121 139 46
1121 139 46
1121 139 46
1123 139 46
1125 140 46
1127 140 46
1129 140 46
1129 140 46
1129 140 46
1129 140 46
1129 140 46
1129 140 46
1129 140 46
1129 140 46
1129 140 46
1133 141 47
1133 141 47
1137 141 47
1137 141 47
1137 141 47
1139 141 47
1141 142 47
1143 142 47
1145 142 47
1145 142 47
1145 142 47
1145 142 47
1145 142 47
1145 142 47
1145 142 47
1145 142 47
1145 142 47
1145 142 47
1147 142 47
1153 143 47
1153 143 47
1153 143 47
1153 143 47
1153 143 47
1153 143 47
1153 143 47
1153 143 47
1153 143 47
1157 144 48
1157 144 48
1161 144 48
1161 144 48
1161 144 48
1165 145 48
1169 145 48
1169 145 48
1169 145 48
1169 145 48
1169 145 48
1169 145 48
1169 145 48
1169 145 48
1169 145 48
1169 145 48
1169 145 48
1171 145 48
1173 146 48
1175 146 48
1177 146 48
1177 146 48
1177 146 48
1177 146 48
1177 146 48
1177 146 48
1177 146 48
1177 146 48
1177 146 48
1177 146 48
1177 146 48
1177 146 48
1177 146 48
1181 147 49
1181 147 49
1185 147 49
1185 147 49
1185 147 49
1185 147 49
1185 147 49
1185 147 49
1185 147 49
1185 147 49
1185 147 49
1187 147 49
1189 148 49
1189 148 49
1189 148 49
1189 148 49
1189 148 49
1189 148 49
1189 148 49
1191 148 49
1193 148 49
1193 148 49
1193 148 49
1193 148 49
1193 148 49
1193 148 49
1193 148 49
1193 148 49
1193 148 49
1193 148 49
1193 148 49
1193 148 49
1195 148 49
1201 149 49
1201 149 49
1201 149 49
1201 149 49
1201 149 49
1201 149 49
1201 149 49
1201 149 49
1201 149 49
1201 149 49
1201 149 49
1201 149 49
1201 149 49
1205 150 50
1205 150 50
1209 150 50
1209 150 50
1209 150 50
1209 150 50
1209 150 50
1209 150 50
1209 150 50
1209 150 50
1209 150 50
1213 151 50
1217 151 50
1217 151 50
1217 151 50
1217 151 50
1217 151 50
1217 151 50
1219 151 50
1221 152 50
1223 152 50
1225 152 50
1225 152 50
1225 152 50
1225 152 50
1225 152 50
1225 152 50
1225 152 50
1225 152 50
1225 152 50
1225 152 50
1225 152 50
1225 152 50
1225 152 50
1229 153 51
1229 153 51
1233 153 51
1233 153 51
1233 153 51
1233 153 51
1233 153 51
1233 153 51
1233 153 51
1233 153 51
1233 153 51
1235 153 51
1237 154 51
1237 154 51
1237 154 51
1237 154 51
1237 154 51
1237 154 51
1237 154 51
1239 154 51
1241 154 51
1241 154 51
1241 154 51
1241 154 51
1241 154 51
1241 154 51
1241 154 51
1241 154 51
1241 154 51
1241 154 51
1241 154 51
1241 154 51
1243 154 51
1249 155 51
1249 155 51
1249 155 51
1249 155 51
1249 155 51
1249 155 51
1249 155 51
1249 155 51
1249 155 51
1249 155 51
1249 155 51
1249 155 51
1249 155 51
1253 156 52
1253 156 52
1257 156 52
1257 156 52
1257 156 52
1257 156 52
1257 156 52
1257 156 52
1257 156 52
1257 156 52
1257 156 52
1261 157 52
1265 157 52
1265 157 52
1265 157 52
1265 157 52
1265 157 52
1265 157 52
1267 157 52
1269 158 52
1271 158 52
1273 158 52
1273 158 52
1273 158 52
1273 158 52
1273 158 52
1273 158 52
1273 158 52
1273 158 52
1273 158 52
1273 158 52
1273 158 52
1273 158 52
1273 158 52
1277 159 53
1277 159 53
1281 159 53
1281 159 53
1281 159 53
1281 159 53
1281 159 53
1281 159 53
1281 159 53
1281 159 53
1281 159 53
1283 159 53
1285 160 53
1285 160 53
1285 160 53
1285 160 53
1285 160 53
1285 160 53
1285 160 53
1287 160 53
1289 160 53
1289 160 53
1289 160 53
1289 160 53
1289 160 53
1289 160 53
1289 160 53
1289 160 53
1289 160 53
1289 160 53
1289 160 53
1289 160 53
1291 160 53
1297 161 53
1297 161 53
1297 161 53
1297 161 53
1297 161 53
1297 161 53
1297 161 53
1297 161 53
1297 161 53
1297 161 53
1297 161 53
1297 161 53
1297 161 53
1301 162 54
1301 162 54
1305 162 54
1305 162 54
1305 162 54
1305 162 54
1305 162 54
1305 162 54
1305 162 54
1305 162 54
1305 162 54
1309 163 54
1313 163 54
1313 163 54
1313 163 54
1313 163 54
1313 163 54
1313 163 54
1313 163 54
1313 163 54
1313 163 54
1313 163 54
1313 163 54
1313 163 54
1315 163 54
1317 164 54
1319 164 54
1321 164 54
1321 164 54
1321 164 54
1321 164 54
1321 164 54
1321 164 54
1321 164 54
1321 164 54
1321 164 54
1321 164 54
1321 164 54
1321 164 54
1321 164 54
1325 165 55
1325 165 55
1329 165 55
1329 165 55
1329 165 55
1331 165 55
1333 166 55
1335 166 55
1337 166 55
1337 166 55
1337 166 55
1337 166 55
1337 166 55
1337 166 55
1337 166 55
1337 166 55
1337 166 55
1337 166 55
1337 166 55
1337 166 55
1339 166 55
1345 167 55
1345 167 55
1345 167 55
1345 167 55
1345 167 55
1345 167 55
1345 167 55
1345 167 55
1345 167 55
1345 167 55
1345 167 55
1345 167 55
1345 167 55
1349 168 56
1349 168 56
1353 168 56
1353 168 56
1353 168 56
1357 169 56
1361 169 56
1361 169 56
1361 169 56
1361 169 56
1361 169 56
1361 169 56
1361 169 56
1361 169 56
1361 169 56
1361 169 56
1361 169 56
1361 169 56
1363 169 56
1365 170 56
1367 170 56
1369 170 56
1369 170 56
1369 170 56
1369 170 56
1369 170 56
1369 170 56
1369 170 56
1369 170 56
1369 170 56
1369 170 56
1369 170 56
1369 170 56
1369 170 56
1369 170 56
1373 171 57
1373 171 57
1377 171 57
1377 171 57
1377 171 57
1377 171 57
1377 171 57
1377 171 57
1377 171 57
1377 171 57
1377 171 57
1379 171 57
1381 172 57
1381 172 57
1381 172 57
1381 172 57
1381 172 57
1381 172 57
1381 172 57
1383 172 57
1385 172 57
1385 172 57
1385 172 57
1385 172 57
1385 172 57
1385 172 57
1385 172 57
1385 172 57
1385 172 57
1385 172 57
1385 172 57
1385 172 57
1387 172 57
1393 173 57
1393 173 57
1393 173 57
1393 173 57
1393 173 57
1393 173 57
1393 173 57
1393 173 57
1393 173 57
1393 173 57
1393 173 57
1393 173 57
1393 173 57
1397 174 58
1397 174 58
1401 174 58
1401 174 58
1401 174 58
1401 174 58
1401 174 58
1401 174 58
1401 174 58
1401 174 58
1401 174 58
1405 174 58
1409 175 58
1409 175 58
1409 175 58
1409 175 58
1409 175 58
1409 175 58
1411 175 58
1413 176 58
1415 176 58
1417 176 58
1417 176 58
1417 176 58
1417 176 58
1417 176 58
1417 176 58
1417 176 58
1417 176 58
1417 176 58
1417 176 58
1417 176 58
1417 176 58
1417 176 58
1421 176 58
1421 176 58
1425 177 59
1425 177 59
1425 177 59
1425 177 59
1425 177 59
1425 177 59
1425 177 59
1425 177 59
1425 177 59
1427 177 59
1429 177 59
1429 177 59
1429 177 59
1429 177 59
1429 177 59
1429 177 59
1429 177 59
1431 178 59
1433 178 59
1433 178 59
1433 178 59
1433 178 59
1433 178 59
1433 178 59
1433 178 59
1433 178 59
1433 178 59
1433 178 59
1433 178 59
1433 178 59
1435 178 59
1441 179 59
1441 179 59
1441 179 59
1441 179 59
1441 179 59
1441 179 59
1441 179 59
1441 179 59
1441 179 59
1441 179 59
1441 179 59
1441 179 59
1441 179 59
1445 179 59
1445 179 59
1449 180 60
1449 180 60
1449 180 60
1449 180 60
1449 180 60
1449 180 60
1449 180 60
1449 180 60
1449 180 60
1453 180 60
1457 181 60
1457 181 60
1457 181 60
1457 181 60
1457 181 60
1457 181 60
1459 181 60
1461 181 60
1463 182 60
1465 182 60
1465 182 60
1465 182 60
1465 182 60
1465 182 60
1465 182 60
1465 182 60
1465 182 60
1465 182 60
1465 182 60
1465 182 60
1465 182 60
1465 182 60
1469 182 60
1469 182 60
1473 183 61
1473 183 61
1473 183 61
1473 183 61
1473 183 61
1473 183 61
1473 183 61
1473 183 61
1473 183 61
1475 183 61
1477 183 61
1479 184 61
1481 184 61
1481 184 61
1481 184 61
1481 184 61
1481 184 61
1481 184 61
1481 184 61
1481 184 61
1481 184 61
1481 184 61
1481 184 61
1481 184 61
1483 184 61
1489 185 61
1489 185 61
1489 185 61
1489 185 61
1489 185 61
1489 185 61
1489 185 61
1489 185 61
1489 185 61
1489 185 61
1489 185 61
1489 185 61
1489 185 61
1493 185 61
1493 185 61
1497 186 62
1497 186 62
1497 186 62
1497 186 62
1497 186 62
1497 186 62
1497 186 62
1497 186 62
1497 186 62
1501 186 62
1505 187 62
1505 187 62
1505 187 62
1505 187 62
1505 187 62
1505 187 62
1505 187 62
1505 187 62
1505 187 62
1505 187 62
1505 187 62
1505 187 62
1507 187 62
1509 187 62
1511 188 62
1513 188 62
1513 188 62
1513 188 62
1513 188 62
1513 188 62
1513 188 62
1513 188 62
1513 188 62
1513 188 62
1513 188 62
1513 188 62
1513 188 62
1513 188 62
1517 188 62
1517 188 62
1521 189 63
1521 189 63
1521 189 63
1523 189 63
1525 189 63
1527 190 63
1529 190 63
1529 190 63
1529 190 63
1529 190 63
1529 190 63
1529 190 63
1529 190 63
1529 190 63
1529 190 63
1529 190 63
1529 190 63
1529 190 63
1529 190 63
1529 190 63
1531 190 63
1537 191 63
1537 191 63
1537 191 63
1537 191 63
1537 191 63
1537 191 63
1537 191 63
1537 191 63
1537 191 63
1537 191 63
1537 191 63
1537 191 63
1537 191 63
1541 191 63
1541 191 63
1545 192 64
1545 192 64
1545 192 64
1549 192 64
1553 193 64
1553 193 64
1553 193 64
1553 193 64
1553 193 64
1553 193 64
1553 193 64
1553 193 64
1553 193 64
1555 193 64
1557 193 64
1559 194 64
1561 194 64
1561 194 64
1561 194 64
1561 194 64
1561 194 64
1561 194 64
1561 194 64
1561 194 64
1565 194 64
1565 194 64
1569 195 65
1569 195 65
1569 195 65
1569 195 65
1569 195 65
1571 195 65
1573 195 65
1573 195 65
1573 195 65
1575 196 65
1577 196 65
1577 196 65
1577 196 65
1577 196 65
1577 196 65
1577 196 65
1577 196 65
1577 196 65
1579 196 65
1585 197 65
1585 197 65
1585 197 65
1585 197 65
1585 197 65
1585 197 65
1585 197 65
1589 197 65
1589 197 65
1593 198 66
1593 198 66
1593 198 66
1593 198 66
1593 198 66
1597 198 66
1601 199 66
1601 199 66
1601 199 66
1601 199 66
1601 199 66
1601 199 66
1601 199 66
1601 199 66
1603 199 66
1605 199 66
1607 200 66
1609 200 66
1609 200 66
1609 200 66
1609 200 66
1609 200 66
1609 200 66
1609 200 66
1613 200 66
1613 200 66
1617 201 67
1617 201 67
1617 201 67
1617 201 67
1617 201 67
1619 201 67
1621 201 67
1621 201 67
1621 201 67
1623 202 67
1625 202 67
1625 202 67
1625 202 67
1625 202 67
1625 202 67
1625 202 67
1625 202 67
1625 202 67
1627 202 67
1633 203 67
1633 203 67
1633 203 67
1633 203 67
1633 203 67
1633 203 67
1633 203 67
1637 203 67
1637 203 67
1641 204 68
1641 204 68
1641 204 68
1645 204 68
1649 205 68
1649 205 68
1649 205 68
1649 205 68
1649 205 68
1649 205 68
1649 205 68
1649 205 68
1651 205 68
1653 205 68
1655 206 68
1657 206 68
1657 206 68
1657 206 68
1657 206 68
1657 206 68
1657 206 68
1657 206 68
1661 206 68
1661 206 68
1666 207 69
1666 207 69
1666 207 69
1666 207 69
1666 207 69
1668 207 69
1670 207 69
1670 207 69
1670 207 69
1671 208 69
1674 208 69
1674 208 69
1674 208 69
1674 208 69
1674 208 69
1674 208 69
1674 208 69
1674 208 69
1676 208 69
1682 209 69
1682 209 69
1682 209 69
1682 209 69
1682 209 69
1682 209 69
1682 209 69
1686 209 69
1686 209 69
1690 210 70
1690 210 70
1690 210 70
1690 210 70
1690 210 70
1694 210 70
1697 211 70
1697 211 70
1697 211 70
1697 211 70
1697 211 70
1697 211 70
1697 211 70
1697 211 70
1700 211 70
1702 211 70
1702 211 70
1702 211 70
1704 212 70
1706 212 70
1706 212 70
1706 212 70
1706 212 70
1706 212 70
1706 212 70
1706 212 70
1710 212 70
1710 212 70
1714 213 71
1714 213 71
1714 213 71
1716 213 71
1718 213 71
1720 214 71
1722 214 71
1722 214 71
1722 214 71
1722 214 71
1722 214 71
1722 214 71
1722 214 71
1722 214 71
1723 214 71
1730 215 71
1730 215 71
1730 215 71
1730 215 71
1730 215 71
1730 215 71
1730 215 71
1733 215 71
1733 215 71
1738 216 72
1738 216 72
1738 216 72
1742 216 72
1746 217 72
1746 217 72
1746 217 72
1746 217 72
1746 217 72
1746 217 72
1746 217 72
1746 217 72
1748 217 72
1750 217 72
1752 218 72
1754 218 72
1754 218 72
1754 218 72
1754 218 72
1754 218 72
1754 218 72
1754 218 72
1754 218 72
1757 218 72
1758 218 72
1762 219 73
1762 219 73
1762 219 73
1762 219 73
1762 219 73
1764 219 73
1766 219 73
1766 219 73
1766 219 73
1767 220 73
1769 220 73
1769 220 73
1769 220 73
1769 220 73
1769 220 73
1769 220 73
1769 220 73
1769 220 73
1771 220 73
1778 221 73
1778 221 73
1778 221 73
1778 221 73
1778 221 73
1778 221 73
1778 221 73
1782 221 73
1782 221 73
1786 222 74
1786 222 74
1786 222 74
1790 222 74
1793 223 74
1794 223 74
1794 223 74
1794 223 74
1794 223 74
1794 223 74
1794 223 74
1794 223 74
1796 223 74
1798 223 74
1800 224 74
1802 224 74
1802 224 74
1802 224 74
1802 224 74
1802 224 74
1802 224 74
1802 224 74
1806 224 74
1806 224 74
1810 225 75
1810 225 75
1810 225 75
1810 225 75
1810 225 75
1812 225 75
1814 225 75
1814 225 75
1814 225 75
1816 226 75
1818 226 75
1818 226 75
1818 226 75
1818 226 75
1818 226 75
1818 226 75
1818 226 75
1818 226 75
1819 226 75
1826 227 75
1826 227 75
1826 227 75
1826 227 75
1826 227 75
1826 227 75
1826 227 75
1829 227 75
1830 227 75
1834 228 76
1834 228 76
1834 228 76
1838 228 76
1842 229 76
1842 229 76
1842 229 76
1842 229 76
1842 229 76
1842 229 76
1842 229 76
1842 229 76
1844 229 76
1845 229 76
1848 230 76
1850 230 76
1850 230 76
1850 230 76
1850 230 76
1850 230 76
1850 230 76
1850 230 76
1854 230 76
1854 230 76
1858 231 77
1858 231 77
1858 231 77
1858 231 77
1858 231 77
1860 231 77
1862 231 77
1862 231 77
1862 231 77
1864 232 77
1866 232 77
1866 232 77
1866 232 77
1866 232 77
1866 232 77
1866 232 77
1866 232 77
1866 232 77
1868 232 77
1874 233 77
1874 233 77
1874 233 77
1874 233 77
1874 233 77
1874 233 77
1874 233 77
1878 233 77
1878 233 77
1881 234 78
1882 234 78
1882 234 78
1882 234 78
1882 234 78
1886 234 78
1890 235 78
1890 235 78
1890 235 78
1890 235 78
1890 235 78
1890 235 78
1890 235 78
1890 235 78
1891 235 78
1894 235 78
1896 236 78
1898 236 78
1898 236 78
1898 236 78
1898 236 78
1898 236 78
1898 236 78
1898 236 78
1902 236 78
1902 236 78
1906 237 79
1906 237 79
1906 237 79
1907 237 79
1909 237 79
1911 238 79
1913 238 79
1914 238 79
1914 238 79
1914 238 79
1914 238 79
1914 238 79
1915 238 79
1922 239 79
1922 239 79
1922 239 79
1922 239 79
1922 239 79
1922 239 79
1922 239 79
1926 239 79
1930 240 80
1934 240 80
1938 241 80
1938 241 80
1938 241 80
1938 241 80
1938 241 80
1938 241 80
1938 241 80
1938 241 80
1939 241 80
1941 241 80
1943 241 80
1945 242 80
1945 242 80
1945 242 80
1945 242 80
1945 242 80
1945 242 80
1945 242 80
1945 242 80
1945 242 80
1945 242 80
1945 242 80
1945 242 80
1945 242 80
1946 242 80
1946 242 80
1950 242 80
1950 242 80
1950 242 80
1954 243 81
1954 243 81
1954 243 81
1954 243 81
1954 243 81
1954 243 81
1954 243 81
1954 243 81
1954 243 81
1954 243 81
1954 243 81
1954 243 81
1954 243 81
1954 243 81
1955 243 81
1958 243 81
1958 243 81
1958 243 81
1958 243 81
1958 243 81
1958 243 81
1958 243 81
1958 243 81
1958 243 81
1958 243 81
1958 243 81
1958 243 81
1960 243 81
1962 244 81
1962 244 81
1962 244 81
1962 244 81
1962 244 81
1962 244 81
1962 244 81
1962 244 81
1962 244 81
1962 244 81
1962 244 81
1962 244 81
1962 244 81
1962 244 81
1962 244 81
1962 244 81
1964 244 81
1970 245 81
1970 245 81
1970 245 81
1970 245 81
1970 245 81
1970 245 81
1970 245 81
1970 245 81
1970 245 81
1970 245 81
1970 245 81
1970 245 81
1970 245 81
1970 245 81
1970 245 81
1970 245 81
1970 245 81
1970 245 81
1970 245 81
1970 245 81
1974 245 81
1974 245 81
1974 245 81
1978 246 82
1978 246 82
1978 246 82
1978 246 82
1978 246 82
1978 246 82
1978 246 82
1978 246 82
1978 246 82
1978 246 82
1978 246 82
1978 246 82
1978 246 82
1978 246 82
1982 246 82
1986 247 82
1986 247 82
1986 247 82
1986 247 82
1986 247 82
1986 247 82
1988 247 82
1990 247 82
1990 247 82
1992 247 82
1994 248 82
1994 248 82
1994 248 82
1994 248 82
1994 248 82
1994 248 82
1994 248 82
1994 248 82
1994 248 82
1994 248 82
1994 248 82
1994 248 82
1994 248 82
1994 248 82
1994 248 82
1994 248 82
1994 248 82
1994 248 82
1994 248 82
1994 248 82
1998 248 82
1998 248 82
1998 248 82
2002 249 83
2002 249 83
2002 249 83
2002 249 83
2002 249 83
2002 249 83
2002 249 83
2002 249 83
2002 249 83
2002 249 83
2002 249 83
2002 249 83
2002 249 83
2002 249 83
2004 249 83
2006 249 83
2006 249 83
2006 249 83
2006 249 83
2006 249 83
2006 249 83
2006 249 83
2006 249 83
2006 249 83
2006 249 83
2006 249 83
2008 249 83
2010 250 83
2010 250 83
2010 250 83
2010 250 83
2010 250 83
2010 250 83
2010 250 83
2010 250 83
2010 250 83
2010 250 83
2010 250 83
2010 250 83
2010 250 83
2010 250 83
2010 250 83
2010 250 83
2012 250 83
2014 250 83
2018 251 83
2018 251 83
2018 251 83
2018 251 83
2018 251 83
2018 251 83
2018 251 83
2018 251 83
2018 251 83
2018 251 83
2018 251 83
2018 251 83
2018 251 83
2018 251 83
2018 251 83
2018 251 83
2018 251 83
2018 251 83
2018 251 83
2018 251 83
2022 251 83
2022 251 83
2022 251 83
2026 252 84
2026 252 84
2026 252 84
2026 252 84
2026 252 84
2026 252 84
2026 252 84
2026 252 84
2026 252 84
2026 252 84
2026 252 84
2026 252 84
2026 252 84
2026 252 84
2030 252 84
2034 253 84
2034 253 84
2034 253 84
2034 253 84
2034 253 84
2034 253 84
2036 253 84
2038 253 84
2038 253 84
2040 253 84
2042 254 84
2042 254 84
2042 254 84
2042 254 84
2042 254 84
2042 254 84
2042 254 84
2042 254 84
2042 254 84
2042 254 84
2042 254 84
2042 254 84
2042 254 84
2042 254 84
2042 254 84
2042 254 84
2042 254 84
2042 254 84
2042 254 84
2042 254 84
2046 254 84
2046 254 84
2046 254 84
2050 255 85
2050 255 85
2050 255 85
2050 255 85
2050 255 85
2050 255 85
2050 255 85
2050 255 85
2050 255 85
2050 255 85
2050 255 85
2050 255 85
2050 255 85
2050 255 85
2052 255 85
2054 255 85
2054 255 85
2054 255 85
2054 255 85
2054 255 85
2054 255 85
2054 255 85
2054 255 85
2054 255 85
2054 255 85
2054 255 85
2056 255 85
2058 256 85
2058 256 85
2058 256 85
2058 256 85
2058 256 85
2058 256 85
2058 256 85
2058 256 85
2058 256 85
2058 256 85
2058 256 85
2058 256 85
2058 256 85
2058 256 85
2058 256 85
2058 256 85
2060 256 85
2062 256 85
2066 257 85
2066 257 85
2066 257 85
2066 257 85
2066 257 85
2066 257 85
2066 257 85
2066 257 85
2066 257 85
2066 257 85
2066 257 85
2066 257 85
2066 257 85
2066 257 85
2066 257 85
2066 257 85
2066 257 85
2066 257 85
2066 257 85
2066 257 85
2070 257 85
2070 257 85
2070 257 85
2074 258 86
2074 258 86
2074 258 86
2074 258 86
2074 258 86
2074 258 86
2074 258 86
2074 258 86
2074 258 86
2074 258 86
2074 258 86
2074 258 86
2074 258 86
2074 258 86
2078 258 86
2082 259 86
2082 259 86
2082 259 86
2082 259 86
2082 259 86
2082 259 86
2082 259 86
2082 259 86
2082 259 86
2082 259 86
2082 259 86
2082 259 86
2082 259 86
2082 259 86
2082 259 86
2082 259 86
2084 259 86
2086 259 86
2086 259 86
2088 259 86
2090 260 86
2090 260 86
2090 260 86
2090 260 86
2090 260 86
2090 260 86
2090 260 86
2090 260 86
2090 260 86
2090 260 86
2090 260 86
2090 260 86
2090 260 86
2090 260 86
2090 260 86
2090 260 86
2090 260 86
2090 260 86
2090 260 86
2090 260 86
2094 260 86
2094 260 86
2094 260 86
2098 261 87
2098 261 87
2098 261 87
2098 261 87
2100 261 87
2102 261 87
2104 261 87
2106 262 87
2106 262 87
2106 262 87
2106 262 87
2106 262 87
2106 262 87
2106 262 87
2106 262 87
2106 262 87
2106 262 87
2106 262 87
2106 262 87
2106 262 87
2106 262 87
2106 262 87
2106 262 87
2108 262 87
2110 262 87
2114 263 87
2114 263 87
2114 263 87
2114 263 87
2114 263 87
2114 263 87
2114 263 87
2114 263 87
2114 263 87
2114 263 87
2114 263 87
2114 263 87
2114 263 87
2114 263 87
2114 263 87
2114 263 87
2114 263 87
2114 263 87
2114 263 87
2114 263 87
2118 263 87
2118 263 87
2118 263 87
2122 264 88
2122 264 88
2122 264 88
2122 264 88
2126 264 88
2130 265 88
2130 265 88
2130 265 88
2130 265 88
2130 265 88
2130 265 88
2130 265 88
2130 265 88
2130 265 88
2130 265 88
2130 265 88
2130 265 88
2130 265 88
2130 265 88
2130 265 88
2130 265 88
2132 265 88
2134 265 88
2134 265 88
2136 265 88
2138 266 88
2138 266 88
2138 266 88
2138 266 88
2138 266 88
2138 266 88
2138 266 88
2138 266 88
2138 266 88
2138 266 88
2138 266 88
2138 266 88
2138 266 88
2138 266 88
2138 266 88
2138 266 88
2138 266 88
2138 266 88
2138 266 88
2138 266 88
2138 266 88
2142 266 88
2142 266 88
2142 266 88
2146 267 89
2146 267 89
2146 267 89
2146 267 89
2146 267 89
2146 267 89
2146 267 89
2146 267 89
2146 267 89
2146 267 89
2146 267 89
2146 267 89
2146 267 89
2146 267 89
2148 267 89
2149 267 89
2150 267 89
2150 267 89
2150 267 89
2150 267 89
2150 267 89
2150 267 89
2150 267 89
2150 267 89
2150 267 89
2150 267 89
2152 267 89
2154 268 89
2154 268 89
2154 268 89
2154 268 89
2154 268 89
2154 268 89
2154 268 89
2154 268 89
2154 268 89
2154 268 89
2154 268 89
2154 268 89
2154 268 89
2154 268 89
2154 268 89
2154 268 89
2156 268 89
2158 268 89
2162 269 89
2162 269 89
2162 269 89
2162 269 89
2162 269 89
2162 269 89
2162 269 89
2162 269 89
2162 269 89
2162 269 89
2162 269 89
2162 269 89
2162 269 89
2162 269 89
2162 269 89
2162 269 89
2162 269 89
2162 269 89
2162 269 89
2162 269 89
2165 269 89
2166 269 89
2166 269 89
2170 270 90
2170 270 90
2170 270 90
2170 270 90
2170 270 90
2170 270 90
2170 270 90
2170 270 90
2170 270 90
2170 270 90
2170 270 90
2170 270 90
2170 270 90
2170 270 90
2174 270 90
2178 271 90
2178 271 90
2178 271 90
2178 271 90
2178 271 90
2178 271 90
2180 271 90
2182 271 90
2182 271 90
2184 271 90
2186 272 90
2186 272 90
2186 272 90
2186 272 90
2186 272 90
2186 272 90
2186 272 90
2186 272 90
2186 272 90
2186 272 90
2186 272 90
2186 272 90
2186 272 90
2186 272 90
2186 272 90
2186 272 90
2186 272 90
2186 272 90
2186 272 90
2186 272 90
2190 272 90
2190 272 90
2190 272 90
2194 273 91
2194 273 91
2194 273 91
2194 273 91
2194 273 91
2194 273 91
2194 273 91
2194 273 91
2194 273 91
2194 273 91
2194 273 91
2194 273 91
2194 273 91
2194 273 91
2196 273 91
2198 273 91
2198 273 91
2198 273 91
2198 273 91
2198 273 91
2198 273 91
2198 273 91
2198 273 91
2198 273 91
2198 273 91
2198 273 91
2200 273 91
2202 274 91
2202 274 91
2202 274 91
2202 274 91
2202 274 91
2202 274 91
2202 274 91
2202 274 91
2202 274 91
2202 274 91
2202 274 91
2202 274 91
2202 274 91
2202 274 91
2202 274 91
2202 274 91
2204 274 91
2206 274 91
2210 275 91
2210 275 91
2210 275 91
2210 275 91
2210 275 91
2210 275 91
2210 275 91
2210 275 91
2210 275 91
2210 275 91
2210 275 91
2210 275 91
2210 275 91
2210 275 91
2210 275 91
2210 275 91
2210 275 91
2210 275 91
2210 275 91
2210 275 91
2214 275 91
2214 275 91
2214 275 91
2218 276 92
2218 276 92
2218 276 92
2218 276 92
2218 276 92
2218 276 92
2218 276 92
2218 276 92
2218 276 92
2218 276 92
2218 276 92
2218 276 92
2218 276 92
2218 276 92
2222 276 92
2226 277 92
2226 277 92
2226 277 92
2226 277 92
2226 277 92
2226 277 92
2228 277 92
2230 277 92
2230 277 92
2232 277 92
2234 278 92
2234 278 92
2234 278 92
2234 278 92
2234 278 92
2234 278 92
2234 278 92
2234 278 92
2234 278 92
2234 278 92
2234 278 92
2234 278 92
2234 278 92
2234 278 92
2234 278 92
2234 278 92
2234 278 92
2234 278 92
2234 278 92
2234 278 92
2238 278 92
2238 278 92
2238 278 92
2242 279 93
2242 279 93
2242 279 93
2242 279 93
2242 279 93
2242 279 93
2242 279 93
2242 279 93
2242 279 93
2242 279 93
2242 279 93
2242 279 93
2242 279 93
2242 279 93
2244 279 93
2246 279 93
2246 279 93
2246 279 93
2248 279 93
2250 280 93
2250 280 93
2250 280 93
2250 280 93
2250 280 93
2250 280 93
2250 280 93
2250 280 93
2250 280 93
2250 280 93
2250 280 93
2250 280 93
2250 280 93
2250 280 93
2250 280 93
2250 280 93
2252 280 93
2254 280 93
2258 281 93
2258 281 93
2258 281 93
2258 281 93
2258 281 93
2258 281 93
2258 281 93
2258 281 93
2258 281 93
2258 281 93
2258 281 93
2258 281 93
2258 281 93
2258 281 93
2258 281 93
2258 281 93
2258 281 93
2258 281 93
2258 281 93
2258 281 93
2262 281 93
2262 281 93
2262 281 93
2266 282 94
2266 282 94
2266 282 94
2266 282 94
2266 282 94
2266 282 94
2266 282 94
2266 282 94
2266 282 94
2266 282 94
2266 282 94
2266 282 94
2266 282 94
2266 282 94
2270 282 94
2274 283 94
2274 283 94
2274 283 94
2274 283 94
2274 283 94
2274 283 94
2274 283 94
2274 283 94
2274 283 94
2274 283 94
2274 283 94
2274 283 94
2274 283 94
2274 283 94
2274 283 94
2274 283 94
2276 283 94
2278 283 94
2278 283 94
2280 283 94
2282 284 94
2282 284 94
2282 284 94
2282 284 94
2282 284 94
2282 284 94
2282 284 94
2282 284 94
2282 284 94
2282 284 94
2282 284 94
2282 284 94
2282 284 94
2282 284 94
2282 284 94
2282 284 94
2282 284 94
2282 284 94
2282 284 94
2282 284 94
2286 284 94
2286 284 94
2286 284 94
2290 285 95
2290 285 95
2290 285 95
2290 285 95
2292 285 95
2294 285 95
2294 285 95
2296 285 95
2298 286 95
2298 286 95
2298 286 95
2298 286 95
2298 286 95
2298 286 95
2298 286 95
2298 286 95
2298 286 95
2298 286 95
2298 286 95
2298 286 95
2298 286 95
2298 286 95
2298 286 95
2298 286 95
2298 286 95
2298 286 95
2298 286 95
2298 286 95
2300 286 95
2306 287 95
2306 287 95
2306 287 95
2306 287 95
2306 287 95
2306 287 95
2306 287 95
2306 287 95
2306 287 95
2306 287 95
2306 287 95
2306 287 95
2306 287 95
2306 287 95
2306 287 95
2306 287 95
2306 287 95
2306 287 95
2306 287 95
2306 287 95
2310 287 95
2310 287 95
2310 287 95
2314 288 96
2314 288 96
2314 288 96
2314 288 96
2318 288 96
2322 289 96
2322 289 96
2322 289 96
2322 289 96
2322 289 96
2322 289 96
2322 289 96
2322 289 96
2322 289 96
2322 289 96
2322 289 96
2322 289 96
2322 289 96
2322 289 96
2322 289 96
2322 289 96
2322 289 96
2324 289 96
2326 289 96
2326 289 96
2328 289 96
2330 290 96
2330 290 96
2330 290 96
2330 290 96
2330 290 96
2330 290 96
2330 290 96
2330 290 96
2330 290 96
2330 290 96
2330 290 96
2330 290 96
2330 290 96
2330 290 96
2330 290 96
2330 290 96
2330 290 96
2330 290 96
2330 290 96
2330 290 96
2334 290 96
2334 290 96
2334 290 96
2338 291 97
2338 291 97
2338 291 97
2338 291 97
2338 291 97
2338 291 97
2338 291 97
2338 291 97
2338 291 97
2338 291 97
2338 291 97
2338 291 97
2338 291 97
2338 291 97
2340 291 97
2342 291 97
2342 291 97
2342 291 97
2342 291 97
2342 291 97
2342 291 97
2342 291 97
2342 291 97
2342 291 97
2342 291 97
2342 291 97
2342 291 97
2344 291 97
2346 292 97
2346 292 97
2346 292 97
2346 292 97
2346 292 97
2346 292 97
2346 292 97
2346 292 97
2346 292 97
2346 292 97
2346 292 97
2346 292 97
2346 292 97
2346 292 97
2346 292 97
2346 292 97
2348 292 97
2354 293 97
2354 293 97
2354 293 97
2354 293 97
2354 293 97
2354 293 97
2354 293 97
2354 293 97
2354 293 97
2354 293 97
2354 293 97
2354 293 97
2354 293 97
2354 293 97
2354 293 97
2354 293 97
2354 293 97
2354 293 97
2354 293 97
2354 293 97
2358 293 97
2358 293 97
2358 293 97
2362 294 98
2362 294 98
2362 294 98
2362 294 98
2362 294 98
2362 294 98
2362 294 98
2362 294 98
2362 294 98
2362 294 98
2362 294 98
2362 294 98
2362 294 98
2362 294 98
2366 294 98
2370 295 98
2370 295 98
2370 295 98
2370 295 98
2370 295 98
2370 295 98
2372 295 98
2374 295 98
2374 295 98
2376 295 98
2378 296 98
2378 296 98
2378 296 98
2378 296 98
2378 296 98
2378 296 98
2378 296 98
2378 296 98
2378 296 98
2378 296 98
2378 296 98
2378 296 98
2378 296 98
2378 296 98
2378 296 98
2378 296 98
2378 296 98
2378 296 98
2378 296 98
2378 296 98
2382 296 98
2382 296 98
2382 296 98
2386 297 99
2386 297 99
2386 297 99
2386 297 99
2386 297 99
2386 297 99
2386 297 99
2386 297 99
2386 297 99
2386 297 99
2386 297 99
2386 297 99
2386 297 99
2386 297 99
2388 297 99
2390 297 99
2390 297 99
2390 297 99
2390 297 99
2390 297 99
2390 297 99
2390 297 99
2390 297 99
2390 297 99
2390 297 99
2390 297 99
2392 297 99
2394 298 99
2394 298 99
2394 298 99
2394 298 99
2394 298 99
2394 298 99
2394 298 99
2394 298 99
2394 298 99
2394 298 99
2394 298 99
2394 298 99
2394 298 99
2394 298 99
2394 298 99
2394 298 99
2396 298 99
2398 298 99
2402 299 99
2402 299 99
2402 299 99
2402 299 99
2402 299 99
2402 299 99
2402 299 99
2402 299 99
2402 299 99
2402 299 99
2402 299 99
2402 299 99
2402 299 99
2402 299 99
2402 299 99
2402 299 99
2402 299 99
2402 299 99
2402 299 99
2402 299 99
2406 299 99
2406 299 99
2406 299 99
2410 300 100
2410 300 100
2410 300 100
2410 300 100
2410 300 100
2410 300 100
2410 300 100
2410 300 100
2410 300 100
2410 300 100
2410 300 100
2410 300 100
2410 300 100
2410 300 100
2414 300 100
2418 301 100
2418 301 100
2418 301 100
2418 301 100
2418 301 100
2418 301 100
2420 301 100
2422 301 100
2422 301 100
2424 301 100
2426 302 100
2426 302 100
2426 302 100
2426 302 100
2426 302 100
2426 302 100
2426 302 100
2426 302 100
2426 302 100
2426 302 100
2426 302 100
2426 302 100
2426 302 100
2426 302 100
2426 302 100
2426 302 100
2426 302 100
2426 302 100
2426 302 100
2426 302 100
2430 302 100
2430 302 100
2430 302 100
2434 303 101
2434 303 101
2434 303 101
2434 303 101
2434 303 101
2434 303 101
2434 303 101
2434 303 101
2434 303 101
2434 303 101
2434 303 101
2434 303 101
2434 303 101
2434 303 101
2436 303 101
2438 303 101
2438 303 101
2438 303 101
2438 303 101
2438 303 101
2438 303 101
2438 303 101
2438 303 101
2438 303 101
2438 303 101
2438 303 101
2440 303 101
2442 303 101
2442 304 101
2442 304 101
2442 304 101
2442 304 101
2442 304 101
2442 304 101
2442 304 101
2442 304 101
2442 304 101
2442 304 101
2442 304 101
2442 304 101
2442 304 101
2442 304 101
2442 304 101
2444 304 101
2446 304 101
2450 305 101
2450 305 101
2450 305 101
2450 305 101
2450 305 101
2450 305 101
2450 305 101
2450 305 101
2450 305 101
2450 305 101
2450 305 101
2450 305 101
2450 305 101
2450 305 101
2450 305 101
2450 305 101
2450 305 101
2450 305 101
2450 304 101
2450 305 101
2454 305 101
2454 305 101
2454 305 101
2458 305 101
2458 305 101
2458 305 101
2458 305 101
2458 305 101
2458 305 101
2458 305 101
2458 305 101
2458 305 101
2458 305 101
2458 305 101
2458 305 101
2458 305 101
2458 305 101
2462 306 102
2466 306 102
2466 306 102
2466 306 102
2466 306 102
2466 306 102
2466 306 102
2466 306 102
2466 306 102
2466 306 102
2466 306 102
2466 306 102
2466 306 102
2466 306 102
2466 306 102
2466 306 102
2466 306 102
2468 307 102
2470 307 102
2470 307 102
2472 307 102
2474 307 102
2474 307 102
2474 307 102
2474 307 102
2474 307 102
2474 307 102
2474 307 102
2474 307 102
2474 307 102
2474 307 102
2474 307 102
2474 307 102
2474 307 102
2474 307 102
2474 307 102
2474 307 102
2474 307 102
2474 307 102
2474 307 102
2474 307 102
2478 308 102
2478 308 102
2478 308 102
2482 308 102
2482 308 102
2482 308 102
2482 308 102
2484 309 103
2486 309 103
2488 309 103
2490 309 103
2490 309 103
2490 309 103
2490 309 103
2490 309 103
2490 309 103
2490 309 103
2490 309 103
2490 309 103
2490 309 103
2490 309 103
2490 309 103
2490 309 103
2490 309 103
2490 309 103
2490 309 103
2492 310 103
2494 310 103
2498 310 103
2498 310 103
2498 310 103
2498 310 103
2498 310 103
2498 310 103
2498 310 103
2498 310 103
2498 310 103
2498 310 103
2498 310 103
2498 310 103
2498 310 103
2498 310 103
2498 310 103
2498 310 103
2498 310 103
2498 310 103
2498 310 103
2498 310 103
2502 311 103
2502 311 103
2502 311 103
2506 311 103
2506 311 103
2506 311 103
2506 311 103
2510 312 104
2514 312 104
2514 312 104
2514 312 104
2514 312 104
2514 312 104
2514 312 104
2514 312 104
2514 312 104
2514 312 104
2514 312 104
2514 312 104
2514 312 104
2514 312 104
2514 312 104
2514 312 104
2514 312 104
2516 313 104
2518 313 104
2518 313 104
2520 313 104
2522 313 104
2522 313 104
2522 313 104
2522 313 104
2522 313 104
2522 313 104
2522 313 104
2522 313 104
2522 313 104
2522 313 104
2522 313 104
2522 313 104
2522 313 104
2522 313 104
2522 313 104
2522 313 104
2522 313 104
2522 313 104
2522 313 104
2522 313 104
2522 313 104
2526 314 104
2526 314 104
2526 314 104
2530 314 104
2530 314 104
2530 314 104
2530 314 104
2530 314 104
2530 314 104
2530 314 104
2530 314 104
2530 314 104
2530 314 104
2530 314 104
2530 314 104
2530 314 104
2530 314 104
2532 315 105
2534 315 105
2534 315 105
2534 315 105
2534 315 105
2534 315 105
2534 315 105
2534 315 105
2534 315 105
2534 315 105
2534 315 105
2534 315 105
2536 315 105
2538 315 105
2538 315 105
2538 315 105
2538 315 105
2538 315 105
2538 315 105
2538 315 105
2538 315 105
2538 315 105
2538 315 105
2538 315 105
2538 315 105
2538 315 105
2538 315 105
2538 315 105
2538 315 105
2540 316 105
2542 316 105
2546 316 105
2546 316 105
2546 316 105
2546 316 105
2546 316 105
2546 316 105
2546 316 105
2546 316 105
2546 316 105
2546 316 105
2546 316 105
2546 316 105
2546 316 105
2546 316 105
2546 316 105
2546 316 105
2546 316 105
2546 316 105
2546 316 105
2546 316 105
2550 317 105
2550 317 105
2550 317 105
2554 317 105
2554 317 105
2554 317 105
2554 317 105
2554 317 105
2554 317 105
2554 317 105
2554 317 105
2554 317 105
2554 317 105
2554 317 105
2554 317 105
2554 317 105
2554 317 105
2558 318 106
2562 318 106
2562 318 106
2562 318 106
2562 318 106
2562 318 106
2562 318 106
2564 319 106
2566 319 106
2566 319 106
2568 319 106
2570 319 106
2570 319 106
2570 319 106
2570 319 106
2570 319 106
2570 319 106
2570 319 106
2570 319 106
2570 319 106
2570 319 106
2570 319 106
2570 319 106
2570 319 106
2570 319 106
2570 319 106
2570 319 106
2570 319 106
2570 319 106
2570 319 106
2570 319 106
2574 320 106
2574 320 106
2574 320 106
2578 320 106
2578 320 106
2578 320 106
2578 320 106
2578 320 106
2578 320 106
2578 320 106
2578 320 106
2578 320 106
2578 320 106
2578 320 106
2578 320 106
2578 320 106
2578 320 106
2580 321 107
2582 321 107
2582 321 107
2582 321 107
2582 321 107
2582 321 107
2582 321 107
2582 321 107
2582 321 107
2582 321 107
2582 321 107
2582 321 107
2584 321 107
2586 321 107
2586 321 107
2586 321 107
2586 321 107
2586 321 107
2586 321 107
2586 321 107
2586 321 107
2586 321 107
2586 321 107
2586 321 107
2586 321 107
2586 321 107
2586 321 107
2586 321 107
2586 321 107
2588 322 107
2590 322 107
2594 322 107
2594 322 107
2594 322 107
2594 322 107
2594 322 107
2594 322 107
2594 322 107
2594 322 107
2594 322 107
2594 322 107
2594 322 107
2594 322 107
2594 322 107
2594 322 107
2594 322 107
2594 322 107
2594 322 107
2594 322 107
2594 322 107
2594 322 107
2598 323 107
2598 323 107
2598 323 107
2602 323 107
2602 323 107
2602 323 107
2602 323 107
2602 323 107
2602 323 107
2602 323 107
2602 323 107
2602 323 107
2602 323 107
2602 323 107
2602 323 107
2602 323 107
2602 323 107
2606 324 108
2610 324 108
2610 324 108
2610 324 108
2610 324 108
2610 324 108
2610 324 108
2612 325 108
2614 325 108
2614 325 108
2616 325 108
2618 325 108
2618 325 108
2618 325 108
2618 325 108
2618 325 108
2618 325 108
2618 325 108
2618 325 108
2618 325 108
2618 325 108
2618 325 108
2618 325 108
2618 325 108
2618 325 108
2618 325 108
2618 325 108
2618 325 108
2618 325 108
2618 325 108
2618 325 108
2622 326 108
2622 326 108
2622 326 108
2626 326 108
2626 326 108
2626 326 108
2626 326 108
2626 326 108
2626 326 108
2626 326 108
2626 326 108
2626 326 108
2626 326 108
2626 326 108
2626 326 108
2626 326 108
2626 326 108
2628 327 109
2630 327 109
2630 327 109
2630 327 109
2632 327 109
2634 327 109
2634 327 109
2634 327 109
2634 327 109
2634 327 109
2634 327 109
2634 327 109
2634 327 109
2634 327 109
2634 327 109
2634 327 109
2634 327 109
2634 327 109
2634 327 109
2634 327 109
2634 327 109
2636 328 109
2638 328 109
2642 328 109
2642 328 109
2642 328 109
2642 328 109
2642 328 109
2642 328 109
2642 328 109
2642 328 109
2642 328 109
2642 328 109
2642 328 109
2642 328 109
2642 328 109
2642 328 109
2642 328 109
2642 328 109
2642 328 109
2642 328 109
2642 328 109
2642 328 109
2646 329 109
2646 329 109
2646 329 109
2650 329 109
2650 329 109
2650 329 109
2650 329 109
2650 329 109
2650 329 109
2650 329 109
2650 329 109
2650 329 109
2650 329 109
2650 329 109
2650 329 109
2650 329 109
2650 329 109
2654 330 110
2658 330 110
2658 330 110
2658 330 110
2658 330 110
2658 330 110
2658 330 110
2658 330 110
2658 330 110
2658 330 110
2658 330 110
2658 330 110
2658 330 110
2658 330 110
2658 330 110
2658 330 110
2658 330 110
2660 331 110
2662 331 110
2662 331 110
2664 331 110
2666 331 110
2666 331 110
2666 331 110
2666 331 110
2666 331 110
2666 331 110
2666 331 110
2666 331 110
2666 331 110
2666 331 110
2666 331 110
2666 331 110
2666 331 110
2666 331 110
2666 331 110
2666 331 110
2666 331 110
2666 331 110
2666 331 110
2666 331 110
2670 332 110
2670 332 110
2670 332 110
2674 332 110
2674 332 110
2674 332 110
2674 332 110
2676 333 111
2678 333 111
2678 333 111
2680 333 111
2682 333 111
2682 333 111
2682 333 111
2682 333 111
2682 333 111
2682 333 111
2682 333 111
2682 333 111
2682 333 111
2682 333 111
2682 333 111
2682 333 111
2682 333 111
2682 333 111
2682 333 111
2682 333 111
2682 333 111
2682 333 111
2682 333 111
2682 333 111
2684 334 111
2690 334 111
2690 334 111
2690 334 111
2690 334 111
2690 334 111
2690 334 111
2690 334 111
2690 334 111
2690 334 111
2690 334 111
2690 334 111
2690 334 111
2690 334 111
2690 334 111
2690 334 111
2690 334 111
2690 334 111
2690 334 111
2690 334 111
2690 334 111
2694 335 111
2694 335 111
2694 335 111
2698 335 111
2698 335 111
2698 335 111
2698 335 111
2702 336 112
2706 336 112
2706 336 112
2706 336 112
2706 336 112
2706 336 112
2706 336 112
2706 336 112
2706 336 112
2706 336 112
2706 336 112
2706 336 112
2708 337 112
2710 337 112
2710 337 112
2712 337 112
2714 337 112
2714 337 112
2714 337 112
2714 337 112
2716 338 112
2718 338 112
2720 338 112
2786 346 115
2786 346 115
2786 346 115
2786 346 115
