beginTime	endTime	track	channel	bar	beat	pitch	volume	instrument
16	24	1	1	0	1	79	120	0
24	32	2	2	1	1	72	120	0
24	32	1	1	1	1	87	120	0
32	36	1	1	0	1	87	120	0
32	48	2	2	0	2	75	120	0
32	48	2	2	0	2	79	120	0
36	40	1	1	0	0	89	120	0
40	48	1	1	0	1	91	120	0
48	56	1	1	1	1	86	120	0
48	56	2	2	1	1	70	120	0
56	72	2	2	0	2	77	120	0
56	72	2	2	0	2	74	120	0
56	72	1	1	0	2	94	120	0
72	80	1	1	1	1	84	120	0
72	80	2	2	1	1	68	120	0
80	84	1	1	0	1	84	120	0
80	96	2	2	0	2	75	120	0
80	96	2	2	0	2	72	120	0
84	88	1	1	0	0	86	120	0
88	96	1	1	0	1	87	120	0
96	104	1	1	1	1	82	120	0
96	104	2	2	1	1	67	120	0
104	120	1	1	0	2	91	120	0
104	120	2	2	0	2	70	120	0
104	120	2	2	0	2	74	120	0
120	128	1	1	1	1	80	120	0
120	128	2	2	1	1	65	120	0
128	132	1	1	0	1	80	120	0
128	144	2	2	0	2	72	120	0
128	144	2	2	0	2	68	120	0
132	136	1	1	0	0	82	120	0
136	144	1	1	0	1	84	120	0
144	152	2	2	1	1	70	120	0
144	152	1	1	1	1	86	120	0
152	168	2	2	0	2	77	120	0
152	168	2	2	0	2	74	120	0
152	160	1	1	0	1	84	120	0
160	168	1	1	0	1	82	120	0
168	184	1	1	1	2	79	120	0
168	176	2	2	1	1	63	120	0
176	192	2	2	0	2	70	120	0
176	192	2	2	0	2	67	120	0
184	192	1	1	0	1	77	120	0
192	208	1	1	1	2	79	120	0
192	200	2	2	1	1	67	120	0
200	216	2	2	0	2	71	120	0
200	216	2	2	0	2	74	120	0
208	216	1	1	0	1	79	120	0
216	224	2	2	1	1	72	120	0
216	224	1	1	1	1	87	120	0
224	228	1	1	0	1	87	120	0
224	240	2	2	0	2	79	120	0
224	240	2	2	0	2	75	120	0
228	232	1	1	0	0	89	120	0
232	240	1	1	0	1	91	120	0
240	248	2	2	1	1	70	120	0
240	248	1	1	1	1	86	120	0
248	264	1	1	0	2	94	120	0
248	264	2	2	0	2	74	120	0
248	264	2	2	0	2	77	120	0
264	272	1	1	1	1	84	120	0
264	272	2	2	1	1	68	120	0
272	288	2	2	0	2	72	120	0
272	276	1	1	0	1	84	120	0
272	288	2	2	0	2	75	120	0
276	280	1	1	0	0	86	120	0
280	288	1	1	0	1	87	120	0
288	296	1	1	1	1	82	120	0
288	296	2	2	1	1	67	120	0
296	312	1	1	0	2	91	120	0
296	312	2	2	0	2	74	120	0
296	312	2	2	0	2	70	120	0
312	320	1	1	1	1	80	120	0
312	320	2	2	1	1	65	120	0
320	328	1	1	0	1	82	120	0
320	336	2	2	0	2	68	120	0
320	336	2	2	0	2	72	120	0
328	336	1	1	0	1	84	120	0
336	344	2	2	1	1	70	120	0
336	344	1	1	1	1	86	120	0
344	352	1	1	0	1	84	120	0
344	360	2	2	0	2	77	120	0
344	360	2	2	0	2	74	120	0
352	360	1	1	0	1	82	120	0
360	376	1	1	1	2	84	120	0
360	368	2	2	1	1	72	120	0
368	376	2	2	0	1	67	120	0
376	385	2	2	0	1	63	120	0
385	401	2	2	1	2	60	120	0
401	409	1	1	0	1	67	120	0
409	417	1	1	1	1	75	120	0
409	433	2	2	1	3	48	120	0
409	433	3	3	1	3	48	125	48
413	421	2	2	0	1	55	120	0
417	433	2	2	0	2	63	120	0
417	421	1	1	0	1	75	120	0
421	425	1	1	0	0	77	120	0
425	433	1	1	0	1	79	120	0
433	441	1	1	1	1	74	120	0
433	457	2	2	1	3	46	120	0
433	457	3	3	1	3	46	125	48
437	453	2	2	0	2	53	120	0
441	457	1	1	0	2	82	120	0
441	457	2	2	0	2	62	120	0
457	465	1	1	1	1	72	120	0
457	481	2	2	1	3	44	120	0
457	481	3	3	1	3	44	125	48
461	477	2	2	0	2	51	120	0
465	481	2	2	0	2	60	120	0
465	469	1	1	0	1	72	120	0
469	473	1	1	0	0	74	120	0
473	481	1	1	0	1	75	120	0
481	489	1	1	1	1	70	120	0
481	505	2	2	1	3	43	120	0
481	505	3	3	1	3	43	125	48
485	501	2	2	0	2	50	120	0
489	505	1	1	0	2	79	120	0
489	505	2	2	0	2	58	120	0
505	513	1	1	1	1	68	120	0
505	529	2	2	1	3	41	120	0
505	529	3	3	1	3	41	125	48
509	525	2	2	0	2	48	120	0
513	529	2	2	0	2	56	120	0
513	517	1	1	0	1	68	120	0
517	521	1	1	0	0	70	120	0
521	529	1	1	0	1	72	120	0
529	537	1	1	1	1	74	120	0
529	553	2	2	1	3	46	120	0
529	553	3	3	1	3	46	125	48
533	549	2	2	0	2	53	120	0
537	553	2	2	0	2	62	120	0
537	545	1	1	0	1	72	120	0
545	553	1	1	0	1	70	120	0
553	569	1	1	1	2	67	120	0
553	577	2	2	1	3	39	120	0
553	577	3	3	1	3	39	125	48
557	573	2	2	0	2	46	120	0
561	577	2	2	0	2	55	120	0
561	569	7	7	0	1	75	96	56
569	577	1	1	0	1	65	120	0
569	577	7	7	0	1	74	96	56
577	593	1	1	1	2	67	120	0
577	601	2	2	1	3	43	120	0
577	601	3	3	1	3	43	125	48
577	593	7	7	1	2	72	96	56
581	597	2	2	0	2	50	120	0
585	601	2	2	0	2	59	120	0
593	601	7	7	0	1	71	96	56
593	601	1	1	0	1	67	120	0
601	625	7	7	1	3	72	96	56
601	625	3	3	1	3	48	125	48
601	609	1	1	1	1	75	120	0
601	625	2	2	1	3	48	120	0
605	621	2	2	0	2	55	120	0
609	625	2	2	0	2	63	120	0
609	613	1	1	0	1	75	120	0
613	617	1	1	0	0	77	120	0
617	625	1	1	0	1	79	120	0
625	633	1	1	1	1	74	120	0
625	649	2	2	1	3	46	120	0
625	649	3	3	1	3	46	125	48
625	649	7	7	1	3	74	96	56
629	645	2	2	0	2	53	120	0
633	649	2	2	0	2	62	120	0
633	649	1	1	0	2	82	120	0
649	673	2	2	1	3	44	120	0
649	665	7	7	1	2	75	96	56
649	673	3	3	1	3	44	125	48
649	657	1	1	1	1	72	120	0
653	669	2	2	0	2	51	120	0
657	661	1	1	0	1	72	120	0
657	673	2	2	0	2	60	120	0
661	665	1	1	0	0	74	120	0
665	673	1	1	0	1	75	120	0
665	673	7	7	0	1	79	96	56
673	697	7	7	1	3	82	96	56
673	697	3	3	1	3	43	125	48
673	697	2	2	1	3	43	120	0
673	681	1	1	1	1	70	120	0
677	693	2	2	0	2	50	120	0
681	697	2	2	0	2	58	120	0
681	697	1	1	0	2	79	120	0
697	705	1	1	1	1	68	120	0
697	721	2	2	1	3	41	120	0
697	721	3	3	1	3	41	125	48
697	705	7	7	1	1	80	96	56
701	717	2	2	0	2	48	120	0
705	721	2	2	0	2	53	120	0
705	713	7	7	0	1	79	96	56
705	713	1	1	0	1	70	120	0
713	721	1	1	0	1	72	120	0
713	721	7	7	0	1	77	96	56
721	737	7	7	1	2	74	96	56
721	745	3	3	1	3	43	125	48
721	745	2	2	1	3	43	120	0
721	729	1	1	1	1	74	120	0
725	741	2	2	0	2	50	120	0
729	737	1	1	0	1	72	120	0
729	745	2	2	0	2	58	120	0
737	745	7	7	0	1	74	96	56
737	745	1	1	0	1	70	120	0
745	761	1	1	1	2	72	120	0
745	761	2	2	1	2	44	120	0
745	761	3	3	1	2	44	125	48
745	761	7	7	1	2	72	96	56
749	757	2	2	0	1	51	120	0
753	769	2	2	0	2	60	120	0
761	769	1	1	0	1	70	120	0
761	769	2	2	0	1	46	120	0
761	769	3	3	0	1	46	125	48
761	769	7	7	0	1	74	96	56
769	785	7	7	1	2	72	96	56
769	785	1	1	1	2	72	120	0
769	785	3	3	1	2	48	125	48
769	785	2	2	1	2	48	120	0
773	789	2	2	0	2	55	120	0
777	793	2	2	0	2	60	120	0
785	793	4	4	0	1	67	127	28
785	793	6	6	0	1	36	120	33
785	793	5	5	0	1	79	120	13
793	793	8	9	0	0	69	120	4
793	809	6	6	1	2	36	120	33
793	801	5	5	1	1	87	120	13
793	801	4	4	1	1	75	127	28
793	809	4	4	1	2	48	127	28
797	801	4	4	0	0	55	127	28
801	801	5	5	0	0	87	120	13
801	809	4	4	0	1	60	127	28
801	801	4	4	0	0	75	127	28
801	803	8	9	0	1	69	120	4
805	809	4	4	0	0	77	127	28
805	809	5	5	0	0	89	120	13
805	807	8	9	0	0	69	120	4
809	811	8	9	0	1	69	120	4
809	809	6	6	0	0	36	120	33
809	817	5	5	0	1	91	120	13
809	817	4	4	0	1	55	127	28
809	817	4	4	0	1	79	127	28
817	821	8	9	1	1	69	120	4
817	825	4	4	1	1	74	127	28
817	833	4	4	1	2	46	127	28
817	833	6	6	1	2	34	120	33
817	825	5	5	1	1	86	120	13
821	825	4	4	0	0	53	127	28
825	841	4	4	0	2	82	127	28
825	829	8	9	0	1	69	120	4
825	833	4	4	0	1	62	127	28
825	841	5	5	0	2	94	120	13
833	833	6	6	0	0	34	120	33
833	841	4	4	0	1	53	127	28
833	835	8	9	0	1	69	120	4
837	839	8	9	0	0	69	120	4
841	849	4	4	1	1	72	127	28
841	857	4	4	1	2	44	127	28
841	849	5	5	1	1	84	120	13
841	857	6	6	1	2	32	120	33
841	845	8	9	1	1	69	120	4
845	849	4	4	0	0	51	127	28
849	849	5	5	0	0	84	120	13
849	851	8	9	0	1	69	120	4
849	849	4	4	0	0	72	127	28
849	857	4	4	0	1	60	127	28
853	855	8	9	0	0	69	120	4
853	857	5	5	0	0	86	120	13
853	857	4	4	0	0	74	127	28
857	865	4	4	0	1	51	127	28
857	859	8	9	0	0	69	120	4
857	857	6	6	0	0	32	120	33
857	865	5	5	0	1	87	120	13
857	865	4	4	0	1	75	127	28
865	881	4	4	1	2	43	127	28
865	873	4	4	1	1	70	127	28
865	873	5	5	1	1	82	120	13
865	869	8	9	1	1	69	120	4
865	881	6	6	1	2	31	120	33
869	873	4	4	0	0	50	127	28
873	881	4	4	0	1	58	127	28
873	877	8	9	0	1	69	120	4
873	889	5	5	0	2	91	120	13
873	889	4	4	0	2	79	127	28
881	889	4	4	0	1	50	127	28
881	883	8	9	0	0	69	120	4
881	881	6	6	0	0	31	120	33
885	887	8	9	0	0	69	120	4
889	897	4	4	1	1	68	127	28
889	897	5	5	1	1	80	120	13
889	905	4	4	1	2	41	127	28
889	905	6	6	1	2	29	120	33
889	893	8	9	1	1	69	120	4
893	897	4	4	0	0	48	127	28
897	899	8	9	0	0	69	120	4
897	897	5	5	0	0	80	120	13
897	897	4	4	0	0	68	127	28
897	905	4	4	0	1	56	127	28
901	905	4	4	0	0	70	127	28
901	905	5	5	0	0	82	120	13
901	903	8	9	0	0	69	120	4
905	913	4	4	0	1	48	127	28
905	913	4	4	0	1	72	127	28
905	905	6	6	0	0	29	120	33
905	907	8	9	0	0	69	120	4
905	913	5	5	0	1	84	120	13
913	929	4	4	1	2	46	127	28
913	921	4	4	1	1	74	127	28
913	921	5	5	1	1	86	120	13
913	929	6	6	1	2	34	120	33
913	917	8	9	1	1	69	120	4
917	921	4	4	0	0	53	127	28
921	929	4	4	0	1	72	127	28
921	929	4	4	0	1	62	127	28
921	929	5	5	0	1	84	120	13
921	925	8	9	0	1	69	120	4
929	937	5	5	0	1	82	120	13
929	937	4	4	0	1	70	127	28
929	937	4	4	0	1	53	127	28
929	929	6	6	0	0	34	120	33
929	931	8	9	0	0	69	120	4
933	935	8	9	0	0	69	120	4
937	953	6	6	1	2	39	120	33
937	941	8	9	1	1	69	120	4
937	953	5	5	1	2	79	120	13
937	953	4	4	1	2	39	127	28
937	953	4	4	1	2	67	127	28
941	945	4	4	0	0	46	127	28
945	947	8	9	0	0	69	120	4
945	953	4	4	0	1	55	127	28
949	951	8	9	0	0	69	120	4
953	953	6	6	0	0	39	120	33
953	961	5	5	0	1	77	120	13
953	961	4	4	0	1	46	127	28
953	955	8	9	0	0	69	120	4
953	961	4	4	0	1	65	127	28
961	965	8	9	1	1	69	120	4
961	977	6	6	1	2	31	120	33
961	977	5	5	1	2	79	120	13
961	977	4	4	1	2	43	127	28
961	977	4	4	1	2	67	127	28
965	969	4	4	0	0	50	127	28
969	977	4	4	0	1	59	127	28
969	973	8	9	0	1	69	120	4
977	977	4	4	0	0	67	127	28
977	985	4	4	0	1	55	127	28
977	977	5	5	0	0	79	120	13
977	977	6	6	0	0	31	120	33
977	979	8	9	0	0	69	120	4
981	983	8	9	0	0	69	120	4
985	985	8	9	0	0	69	120	4
985	1001	6	6	1	2	36	120	33
985	1001	4	4	1	2	48	127	28
985	993	4	4	1	1	75	127	28
985	993	5	5	1	1	87	120	13
989	993	4	4	0	0	55	127	28
993	993	4	4	0	0	75	127	28
993	995	8	9	0	0	69	120	4
993	993	5	5	0	0	87	120	13
993	1001	4	4	0	1	60	127	28
997	1001	4	4	0	0	77	127	28
997	999	8	9	0	0	69	120	4
997	1001	5	5	0	0	89	120	13
1001	1009	4	4	0	1	79	127	28
1001	1003	8	9	0	0	69	120	4
1001	1001	6	6	0	0	36	120	33
1001	1009	5	5	0	1	91	120	13
1001	1009	4	4	0	1	55	127	28
1009	1017	4	4	1	1	74	127	28
1009	1013	8	9	1	1	69	120	4
1009	1025	6	6	1	2	34	120	33
1009	1017	5	5	1	1	86	120	13
1009	1025	4	4	1	2	46	127	28
1013	1017	4	4	0	0	53	127	28
1017	1033	5	5	0	2	94	120	13
1017	1025	4	4	0	1	62	127	28
1017	1033	4	4	0	2	82	127	28
1017	1021	8	9	0	1	69	120	4
1025	1033	4	4	0	1	53	127	28
1025	1025	6	6	0	0	34	120	33
1025	1027	8	9	0	0	69	120	4
1029	1031	8	9	0	0	69	120	4
1033	1049	4	4	1	2	44	127	28
1033	1037	8	9	1	1	69	120	4
1033	1049	6	6	1	2	32	120	33
1033	1041	5	5	1	1	84	120	13
1033	1041	4	4	1	1	72	127	28
1037	1041	4	4	0	0	51	127	28
1041	1041	4	4	0	0	72	127	28
1041	1049	4	4	0	1	60	127	28
1041	1043	8	9	0	0	69	120	4
1041	1041	5	5	0	0	84	120	13
1045	1049	5	5	0	0	86	120	13
1045	1047	8	9	0	0	69	120	4
1045	1049	4	4	0	0	74	127	28
1049	1051	8	9	0	0	69	120	4
1049	1049	6	6	0	0	32	120	33
1049	1057	5	5	0	1	87	120	13
1049	1057	4	4	0	1	75	127	28
1049	1057	4	4	0	1	51	127	28
1057	1061	8	9	1	1	69	120	4
1057	1073	6	6	1	2	31	120	33
1057	1065	5	5	1	1	82	120	13
1057	1065	4	4	1	1	70	127	28
1057	1073	4	4	1	2	43	127	28
1061	1065	4	4	0	0	50	127	28
1065	1073	4	4	0	1	58	127	28
1065	1069	8	9	0	1	69	120	4
1065	1081	5	5	0	2	91	120	13
1065	1081	4	4	0	2	79	127	28
1073	1075	8	9	0	0	69	120	4
1073	1081	4	4	0	1	50	127	28
1073	1073	6	6	0	0	31	120	33
1077	1079	8	9	0	0	69	120	4
1081	1097	4	4	1	2	41	127	28
1081	1089	4	4	1	1	68	127	28
1081	1089	5	5	1	1	80	120	13
1081	1097	6	6	1	2	29	120	33
1081	1085	8	9	1	1	69	120	4
1085	1089	4	4	0	0	48	127	28
1089	1097	4	4	0	1	70	127	28
1089	1097	4	4	0	1	56	127	28
1089	1091	8	9	0	0	69	120	4
1089	1097	5	5	0	1	82	120	13
1093	1095	8	9	0	0	69	120	4
1097	1099	8	9	0	0	69	120	4
1097	1097	6	6	0	0	29	120	33
1097	1105	5	5	0	1	84	120	13
1097	1105	4	4	0	1	48	127	28
1097	1105	4	4	0	1	72	127	28
1105	1113	4	4	1	1	74	127	28
1105	1121	4	4	1	2	43	127	28
1105	1113	5	5	1	1	86	120	13
1105	1121	6	6	1	2	31	120	33
1105	1109	8	9	1	1	69	120	4
1109	1113	4	4	0	0	50	127	28
1113	1121	4	4	0	1	58	127	28
1113	1121	4	4	0	1	72	127	28
1113	1121	5	5	0	1	84	120	13
1113	1117	8	9	0	1	69	120	4
1121	1129	4	4	0	1	50	127	28
1121	1123	8	9	0	0	69	120	4
1121	1121	6	6	0	0	31	120	33
1121	1129	5	5	0	1	82	120	13
1121	1129	4	4	0	1	70	127	28
1125	1127	8	9	0	0	69	120	4
1129	1145	4	4	1	2	44	127	28
1129	1145	4	4	1	2	72	127	28
1129	1145	6	6	1	2	32	120	33
1129	1133	8	9	1	1	69	120	4
1129	1145	5	5	1	2	84	120	13
1133	1137	4	4	0	0	51	127	28
1137	1139	8	9	0	0	69	120	4
1137	1145	4	4	0	1	60	127	28
1141	1143	8	9	0	0	69	120	4
1145	1147	8	9	0	0	69	120	4
1145	1153	6	6	0	1	34	120	33
1145	1153	5	5	0	1	82	120	13
1145	1153	4	4	0	1	70	127	28
1145	1153	4	4	0	1	46	127	28
1153	1169	4	4	1	2	72	127	28
1153	1169	5	5	1	2	84	120	13
1153	1169	6	6	1	2	36	120	33
1153	1157	8	9	1	1	69	120	4
1153	1169	4	4	1	2	48	127	28
1157	1161	4	4	0	0	55	127	28
1161	1165	8	9	0	1	69	120	4
1161	1169	4	4	0	1	60	127	28
1169	1169	6	6	0	0	36	120	33
1169	1177	4	4	0	1	55	127	28
1169	1177	4	4	0	1	67	127	28
1169	1177	5	5	0	1	79	120	13
1169	1177	7	7	0	1	67	96	56
1169	1171	8	9	0	0	69	120	4
1173	1175	8	9	0	0	69	120	4
1177	1193	4	4	1	2	48	127	28
1177	1185	7	7	1	1	75	96	56
1177	1201	3	3	1	3	48	125	48
1177	1185	4	4	1	1	75	127	28
1177	1177	6	6	0	0	36	120	33
1177	1185	5	5	1	1	87	120	13
1177	1177	8	9	0	0	69	120	4
1181	1185	4	4	0	0	55	127	28
1185	1193	4	4	0	1	60	127	28
1185	1185	4	4	0	0	75	127	28
1185	1185	5	5	0	0	87	120	13
1185	1185	7	7	0	0	75	96	56
1185	1187	8	9	0	0	69	120	4
1189	1193	4	4	0	0	77	127	28
1189	1193	5	5	0	0	89	120	13
1189	1193	7	7	0	0	77	96	56
1189	1191	8	9	0	0	69	120	4
1193	1201	5	5	0	1	91	120	13
1193	1201	4	4	0	1	79	127	28
1193	1201	4	4	0	1	55	127	28
1193	1201	7	7	0	1	79	96	56
1193	1195	8	9	0	0	69	120	4
1193	1193	6	6	0	0	36	120	33
1201	1209	5	5	1	1	86	120	13
1201	1225	3	3	1	3	46	125	48
1201	1217	4	4	1	2	46	127	28
1201	1209	4	4	1	1	74	127	28
1201	1217	6	6	1	2	34	120	33
1201	1205	8	9	1	1	69	120	4
1201	1209	7	7	1	1	74	96	56
1205	1209	4	4	0	0	53	127	28
1209	1213	8	9	0	1	69	120	4
1209	1225	7	7	0	2	82	96	56
1209	1225	5	5	0	2	94	120	13
1209	1225	4	4	0	2	82	127	28
1209	1217	4	4	0	1	62	127	28
1217	1219	8	9	0	0	69	120	4
1217	1217	6	6	0	0	34	120	33
1217	1225	4	4	0	1	53	127	28
1221	1223	8	9	0	0	69	120	4
1225	1229	8	9	1	1	69	120	4
1225	1233	7	7	1	1	72	96	56
1225	1241	6	6	1	2	32	120	33
1225	1233	5	5	1	1	84	120	13
1225	1233	4	4	1	1	72	127	28
1225	1241	4	4	1	2	44	127	28
1225	1249	3	3	1	3	44	125	48
1229	1233	4	4	0	0	51	127	28
1233	1233	5	5	0	0	84	120	13
1233	1241	4	4	0	1	60	127	28
1233	1233	7	7	0	0	72	96	56
1233	1235	8	9	0	0	69	120	4
1233	1233	4	4	0	0	72	127	28
1237	1241	7	7	0	0	74	96	56
1237	1239	8	9	0	0	69	120	4
1237	1241	5	5	0	0	86	120	13
1237	1241	4	4	0	0	74	127	28
1241	1249	7	7	0	1	75	96	56
1241	1249	4	4	0	1	75	127	28
1241	1249	4	4	0	1	51	127	28
1241	1249	5	5	0	1	87	120	13
1241	1241	6	6	0	0	32	120	33
1241	1243	8	9	0	0	69	120	4
1249	1265	4	4	1	2	43	127	28
1249	1257	7	7	1	1	70	96	56
1249	1257	4	4	1	1	70	127	28
1249	1273	3	3	1	3	43	125	48
1249	1265	6	6	1	2	31	120	33
1249	1257	5	5	1	1	82	120	13
1249	1253	8	9	1	1	69	120	4
1253	1257	4	4	0	0	50	127	28
1257	1273	5	5	0	2	91	120	13
1257	1261	8	9	0	1	69	120	4
1257	1273	7	7	0	2	79	96	56
1257	1273	4	4	0	2	79	127	28
1257	1265	4	4	0	1	58	127	28
1265	1267	8	9	0	0	69	120	4
1265	1265	6	6	0	0	31	120	33
1265	1273	4	4	0	1	50	127	28
1269	1271	8	9	0	0	69	120	4
1273	1289	6	6	1	2	29	120	33
1273	1281	5	5	1	1	80	120	13
1273	1297	3	3	1	3	41	125	48
1273	1289	4	4	1	2	41	127	28
1273	1281	4	4	1	1	68	127	28
1273	1281	7	7	1	1	68	96	56
1273	1277	8	9	1	1	69	120	4
1277	1281	4	4	0	0	48	127	28
1281	1283	8	9	0	0	69	120	4
1281	1281	7	7	0	0	68	96	56
1281	1281	5	5	0	0	80	120	13
1281	1289	4	4	0	1	56	127	28
1281	1281	4	4	0	0	68	127	28
1285	1289	4	4	0	0	70	127	28
1285	1289	5	5	0	0	82	120	13
1285	1287	8	9	0	0	69	120	4
1285	1289	7	7	0	0	70	96	56
1289	1289	6	6	0	0	29	120	33
1289	1291	8	9	0	0	69	120	4
1289	1297	7	7	0	1	72	96	56
1289	1297	5	5	0	1	84	120	13
1289	1297	4	4	0	1	48	127	28
1289	1297	4	4	0	1	72	127	28
1297	1305	5	5	1	1	86	120	13
1297	1321	3	3	1	3	46	125	48
1297	1313	4	4	1	2	46	127	28
1297	1313	6	6	1	2	34	120	33
1297	1301	8	9	1	1	69	120	4
1297	1305	7	7	1	1	74	96	56
1297	1305	4	4	1	1	74	127	28
1301	1305	4	4	0	0	53	127	28
1305	1313	4	4	0	1	62	127	28
1305	1313	5	5	0	1	84	120	13
1305	1313	4	4	0	1	72	127	28
1305	1309	8	9	0	1	69	120	4
1305	1313	7	7	0	1	72	96	56
1313	1321	4	4	0	1	70	127	28
1313	1315	8	9	0	0	69	120	4
1313	1321	7	7	0	1	70	96	56
1313	1313	6	6	0	0	34	120	33
1313	1321	5	5	0	1	82	120	13
1313	1321	4	4	0	1	53	127	28
1317	1319	8	9	0	0	69	120	4
1321	1337	4	4	1	2	67	127	28
1321	1337	4	4	1	2	39	127	28
1321	1337	5	5	1	2	79	120	13
1321	1337	6	6	1	2	39	120	33
1321	1337	7	7	1	2	67	96	56
1321	1325	8	9	1	1	69	120	4
1321	1345	3	3	1	3	39	125	48
1325	1329	4	4	0	0	46	127	28
1329	1337	4	4	0	1	55	127	28
1329	1331	8	9	0	0	69	120	4
1333	1335	8	9	0	0	69	120	4
1337	1345	4	4	0	1	65	127	28
1337	1345	4	4	0	1	46	127	28
1337	1345	5	5	0	1	77	120	13
1337	1337	6	6	0	0	39	120	33
1337	1345	7	7	0	1	65	96	56
1337	1339	8	9	0	0	69	120	4
1345	1361	6	6	1	2	31	120	33
1345	1349	8	9	1	1	69	120	4
1345	1361	7	7	1	2	67	96	56
1345	1361	4	4	1	2	67	127	28
1345	1361	4	4	1	2	43	127	28
1345	1369	3	3	1	3	43	125	48
1345	1361	5	5	1	2	79	120	13
1349	1353	4	4	0	0	50	127	28
1353	1357	8	9	0	1	69	120	4
1353	1361	4	4	0	1	59	127	28
1361	1361	5	5	0	0	79	120	13
1361	1361	4	4	0	0	67	127	28
1361	1369	4	4	0	1	55	127	28
1361	1361	7	7	0	0	67	96	56
1361	1363	8	9	0	0	69	120	4
1361	1361	6	6	0	0	31	120	33
1365	1367	8	9	0	0	69	120	4
1369	1377	5	5	1	1	87	120	13
1369	1369	8	9	0	0	69	120	4
1369	1377	7	7	1	1	75	96	56
1369	1385	6	6	1	2	36	120	33
1369	1377	4	4	1	1	75	127	28
1369	1385	4	4	1	2	48	127	28
1369	1393	3	3	1	3	48	125	48
1373	1377	4	4	0	0	55	127	28
1377	1385	4	4	0	1	60	127	28
1377	1377	5	5	0	0	87	120	13
1377	1377	4	4	0	0	75	127	28
1377	1377	7	7	0	0	75	96	56
1377	1379	8	9	0	0	69	120	4
1381	1383	8	9	0	0	69	120	4
1381	1385	7	7	0	0	77	96	56
1381	1385	5	5	0	0	89	120	13
1381	1385	4	4	0	0	77	127	28
1385	1387	8	9	0	0	69	120	4
1385	1393	7	7	0	1	79	96	56
1385	1385	6	6	0	0	36	120	33
1385	1393	5	5	0	1	91	120	13
1385	1393	4	4	0	1	79	127	28
1385	1393	4	4	0	1	55	127	28
1393	1401	5	5	1	1	86	120	13
1393	1417	3	3	1	3	46	125	48
1393	1409	4	4	1	2	46	127	28
1393	1397	8	9	1	1	69	120	4
1393	1401	7	7	1	1	74	96	56
1393	1401	4	4	1	1	74	127	28
1393	1409	6	6	1	2	34	120	33
1397	1401	4	4	0	0	53	127	28
1401	1409	4	4	0	1	62	127	28
1401	1417	4	4	0	2	82	127	28
1401	1417	5	5	0	2	94	120	13
1401	1417	7	7	0	2	82	96	56
1401	1405	8	9	0	0	69	120	4
1409	1417	4	4	0	1	53	127	28
1409	1409	6	6	0	0	34	120	33
1409	1411	8	9	0	0	69	120	4
1413	1415	8	9	0	0	69	120	4
1417	1425	7	7	1	1	72	96	56
1417	1425	5	5	1	1	84	120	13
1417	1433	4	4	1	2	44	127	28
1417	1425	4	4	1	1	72	127	28
1417	1433	6	6	1	2	32	120	33
1417	1421	8	9	0	0	69	120	4
1417	1441	3	3	1	3	44	125	48
1421	1425	4	4	1	1	51	127	28
1425	1425	4	4	0	0	72	127	28
1425	1427	8	9	0	0	69	120	4
1425	1425	7	7	0	0	72	96	56
1425	1425	5	5	0	0	84	120	13
1425	1433	4	4	0	1	60	127	28
1429	1433	4	4	0	1	74	127	28
1429	1433	5	5	0	1	86	120	13
1429	1431	8	9	0	1	69	120	4
1429	1433	7	7	0	1	74	96	56
1433	1433	6	6	0	0	32	120	33
1433	1435	8	9	0	0	69	120	4
1433	1441	7	7	0	1	75	96	56
1433	1441	5	5	0	1	87	120	13
1433	1441	4	4	0	1	75	127	28
1433	1441	4	4	0	1	51	127	28
1441	1449	5	5	1	1	82	120	13
1441	1465	3	3	1	3	43	125	48
1441	1449	4	4	1	1	70	127	28
1441	1457	6	6	1	2	31	120	33
1441	1445	8	9	0	0	69	120	4
1441	1449	7	7	1	1	70	96	56
1441	1457	4	4	1	2	43	127	28
1445	1449	4	4	1	1	50	127	28
1449	1465	5	5	0	2	91	120	13
1449	1465	4	4	0	2	79	127	28
1449	1457	4	4	0	1	58	127	28
1449	1465	7	7	0	2	79	96	56
1449	1453	8	9	0	0	69	120	4
1457	1459	8	9	0	0	69	120	4
1457	1457	6	6	0	0	31	120	33
1457	1465	4	4	0	1	50	127	28
1461	1463	8	9	0	1	69	120	4
1465	1481	4	4	1	2	41	127	28
1465	1473	7	7	1	1	68	96	56
1465	1489	3	3	1	3	41	125	48
1465	1473	5	5	1	1	80	120	13
1465	1481	6	6	1	2	29	120	33
1465	1473	4	4	1	1	68	127	28
1465	1469	8	9	0	0	69	120	4
1469	1473	4	4	1	1	48	127	28
1473	1481	7	7	0	1	70	96	56
1473	1481	5	5	0	1	82	120	13
1473	1481	4	4	0	1	70	127	28
1473	1481	4	4	0	1	56	127	28
1473	1475	8	9	0	0	69	120	4
1477	1479	8	9	0	1	69	120	4
1481	1483	8	9	0	0	69	120	4
1481	1489	7	7	0	1	72	96	56
1481	1481	6	6	0	0	29	120	33
1481	1489	4	4	0	1	48	127	28
1481	1489	4	4	0	1	72	127	28
1481	1489	5	5	0	1	84	120	13
1489	1505	6	6	1	2	31	120	33
1489	1513	3	3	1	3	43	125	48
1489	1497	4	4	1	1	74	127	28
1489	1505	4	4	1	2	43	127	28
1489	1497	5	5	1	1	86	120	13
1489	1497	7	7	1	1	74	96	56
1489	1493	8	9	0	0	69	120	4
1493	1497	4	4	1	1	50	127	28
1497	1501	8	9	0	0	69	120	4
1497	1505	7	7	0	1	72	96	56
1497	1505	5	5	0	1	84	120	13
1497	1505	4	4	0	1	72	127	28
1497	1505	4	4	0	1	58	127	28
1505	1513	7	7	0	1	70	96	56
1505	1513	4	4	0	1	50	127	28
1505	1513	4	4	0	1	70	127	28
1505	1505	6	6	0	0	31	120	33
1505	1507	8	9	0	0	69	120	4
1505	1513	5	5	0	1	82	120	13
1509	1511	8	9	0	1	69	120	4
1513	1517	8	9	0	0	69	120	4
1513	1529	7	7	1	2	72	96	56
1513	1529	6	6	1	2	32	120	33
1513	1529	5	5	1	2	84	120	13
1513	1529	4	4	1	2	72	127	28
1513	1529	4	4	1	2	44	127	28
1513	1529	3	3	1	2	44	125	48
1517	1521	4	4	1	1	51	127	28
1521	1529	4	4	0	1	60	127	28
1521	1523	8	9	0	0	69	120	4
1525	1527	8	9	0	1	69	120	4
1529	1531	8	9	0	0	69	120	4
1529	1537	7	7	0	1	70	96	56
1529	1537	6	6	0	1	34	120	33
1529	1537	5	5	0	1	82	120	13
1529	1537	4	4	0	1	46	127	28
1529	1537	4	4	0	1	70	127	28
1529	1537	3	3	0	1	46	125	48
1537	1553	4	4	1	2	72	127	28
1537	1561	3	3	1	3	48	125	48
1537	1553	4	4	1	2	48	127	28
1537	1553	6	6	1	2	36	120	33
1537	1553	5	5	1	2	84	120	13
1537	1541	8	9	0	0	69	120	4
1537	1553	7	7	1	2	72	96	56
1541	1545	4	4	1	1	55	127	28
1545	1553	4	4	0	1	60	127	28
1545	1549	8	9	0	0	69	120	4
1553	1555	8	9	0	0	69	120	4
1553	1553	6	6	0	0	36	120	33
1553	1561	4	4	0	1	55	127	28
1557	1559	8	9	0	1	69	120	4
1561	1561	8	9	0	0	69	120	4
1561	1577	6	6	1	2	41	120	33
1561	1569	5	5	1	1	84	120	13
1561	1577	4	4	1	2	41	127	28
1565	1569	4	4	1	1	48	127	28
1569	1577	4	4	0	1	56	127	28
1569	1571	8	9	0	0	69	120	4
1569	1569	5	5	0	0	84	120	13
1573	1577	5	5	0	1	86	120	13
1573	1575	8	9	0	1	69	120	4
1577	1579	8	9	0	0	69	120	4
1577	1577	6	6	0	0	41	120	33
1577	1585	5	5	0	1	87	120	13
1577	1585	4	4	0	1	48	127	28
1585	1601	4	4	1	2	46	127	28
1585	1593	5	5	1	1	86	120	13
1585	1601	6	6	1	2	34	120	33
1585	1589	8	9	0	0	69	120	4
1589	1593	4	4	1	1	53	127	28
1593	1601	5	5	0	1	89	120	13
1593	1597	8	9	0	0	69	120	4
1593	1601	4	4	0	1	58	127	28
1601	1603	8	9	0	0	69	120	4
1601	1601	6	6	0	0	34	120	33
1601	1609	5	5	0	1	82	120	13
1601	1609	4	4	0	1	53	127	28
1605	1607	8	9	0	1	69	120	4
1609	1613	8	9	0	0	69	120	4
1609	1625	6	6	1	2	39	120	33
1609	1617	5	5	1	1	79	120	13
1609	1625	4	4	1	2	39	127	28
1613	1617	4	4	1	1	46	127	28
1617	1617	5	5	0	0	79	120	13
1617	1625	4	4	0	1	55	127	28
1617	1619	8	9	0	0	69	120	4
1621	1625	5	5	0	1	82	120	13
1621	1623	8	9	0	1	69	120	4
1625	1633	4	4	0	1	46	127	28
1625	1627	8	9	0	0	69	120	4
1625	1625	6	6	0	0	39	120	33
1625	1633	5	5	0	1	86	120	13
1633	1637	8	9	0	0	69	120	4
1633	1649	6	6	1	2	44	120	33
1633	1649	5	5	1	2	84	120	13
1633	1649	4	4	1	2	44	127	28
1637	1641	4	4	1	1	51	127	28
1641	1645	8	9	0	0	69	120	4
1641	1649	4	4	0	1	60	127	28
1649	1651	8	9	0	0	69	120	4
1649	1649	6	6	0	0	44	120	33
1649	1649	5	5	0	0	84	120	13
1649	1657	4	4	0	1	51	127	28
1653	1655	8	9	0	1	69	120	4
1657	1674	4	4	1	2	37	127	28
1657	1666	5	5	1	1	85	120	13
1657	1674	6	6	1	2	37	120	33
1657	1661	8	9	0	0	69	120	4
1661	1666	4	4	1	1	44	127	28
1666	1674	4	4	0	1	53	127	28
1666	1666	5	5	0	0	85	120	13
1666	1668	8	9	0	0	69	120	4
1670	1671	8	9	0	1	69	120	4
1670	1674	5	5	0	1	87	120	13
1674	1676	8	9	0	0	69	120	4
1674	1674	6	6	0	0	37	120	33
1674	1682	4	4	0	1	44	127	28
1674	1682	5	5	0	1	89	120	13
1682	1697	4	4	1	2	43	127	28
1682	1690	5	5	1	1	91	120	13
1682	1697	6	6	1	2	43	120	33
1682	1686	8	9	0	0	69	120	4
1686	1690	4	4	1	1	50	127	28
1690	1697	4	4	0	1	59	127	28
1690	1697	5	5	0	1	92	120	13
1690	1694	8	9	0	0	69	120	4
1697	1706	4	4	0	1	50	127	28
1697	1702	5	5	0	0	91	120	13
1697	1697	6	6	0	0	43	120	33
1697	1700	8	9	0	0	69	120	4
1702	1706	5	5	0	1	89	120	13
1702	1704	8	9	0	1	69	120	4
1706	1710	8	9	0	0	69	120	4
1706	1722	6	6	1	2	36	120	33
1706	1722	5	5	1	2	91	120	13
1706	1722	4	4	1	2	36	127	28
1710	1714	4	4	1	1	43	127	28
1714	1722	4	4	0	1	51	127	28
1714	1716	8	9	0	0	69	120	4
1718	1720	8	9	0	1	69	120	4
1722	1730	4	4	0	1	43	127	28
1722	1730	5	5	0	1	87	120	13
1722	1722	6	6	0	0	36	120	33
1722	1723	8	9	0	0	69	120	4
1730	1746	4	4	1	2	36	127	28
1730	1746	5	5	1	2	84	120	13
1730	1730	6	6	0	0	36	120	33
1730	1733	8	9	0	0	69	120	4
1733	1738	4	4	1	1	43	127	28
1738	1742	8	9	0	0	69	120	4
1738	1746	4	4	0	1	51	127	28
1746	1746	6	6	0	0	36	120	33
1746	1748	8	9	0	0	69	120	4
1746	1746	5	5	0	0	84	120	13
1746	1754	4	4	0	1	43	127	28
1750	1752	8	9	0	1	69	120	4
1754	1769	6	6	1	2	37	120	33
1754	1769	4	4	1	2	37	127	28
1754	1762	5	5	1	1	85	120	13
1754	1754	8	9	0	0	69	120	4
1758	1762	4	4	1	1	44	127	28
1762	1764	8	9	0	0	69	120	4
1762	1769	4	4	0	1	53	127	28
1762	1762	5	5	0	0	85	120	13
1766	1769	5	5	0	1	87	120	13
1766	1767	8	9	0	1	69	120	4
1769	1778	4	4	0	1	44	127	28
1769	1778	5	5	0	1	89	120	13
1769	1769	6	6	0	0	37	120	33
1769	1771	8	9	0	0	69	120	4
1778	1782	8	9	0	0	69	120	4
1778	1794	4	4	1	2	39	127	28
1778	1794	5	5	1	2	91	120	13
1778	1794	6	6	1	2	39	120	33
1782	1786	4	4	1	1	46	127	28
1786	1794	4	4	0	1	55	127	28
1786	1790	8	9	0	0	69	120	4
1793	1796	8	9	0	0	69	120	4
1794	1794	6	6	0	0	39	120	33
1794	1802	5	5	0	1	87	120	13
1794	1802	4	4	0	1	46	127	28
1798	1800	8	9	0	1	69	120	4
1802	1818	4	4	1	2	36	127	28
1802	1818	6	6	1	2	36	120	33
1802	1810	5	5	1	1	84	120	13
1802	1806	8	9	0	0	69	120	4
1806	1810	4	4	1	1	43	127	28
1810	1810	5	5	0	0	84	120	13
1810	1812	8	9	0	0	69	120	4
1810	1818	4	4	0	1	51	127	28
1814	1816	8	9	0	1	69	120	4
1814	1818	5	5	0	1	87	120	13
1818	1819	8	9	0	0	69	120	4
1818	1826	4	4	0	1	43	127	28
1818	1826	5	5	0	1	91	120	13
1818	1818	6	6	0	0	36	120	33
1826	1829	8	9	0	0	69	120	4
1826	1842	4	4	1	2	41	127	28
1826	1842	5	5	1	2	89	120	13
1826	1842	6	6	1	2	41	120	33
1830	1834	4	4	1	1	48	127	28
1834	1838	8	9	0	0	69	120	4
1834	1842	4	4	0	1	56	127	28
1842	1850	4	4	0	1	48	127	28
1842	1842	5	5	0	0	89	120	13
1842	1842	6	6	0	0	41	120	33
1842	1844	8	9	0	0	69	120	4
1845	1848	8	9	0	1	69	120	4
1850	1866	6	6	1	2	42	120	33
1850	1858	5	5	1	1	90	120	13
1850	1866	4	4	1	2	42	127	28
1850	1854	8	9	0	0	69	120	4
1854	1858	4	4	1	1	49	127	28
1858	1860	8	9	0	0	69	120	4
1858	1866	4	4	0	1	58	127	28
1858	1858	5	5	0	0	90	120	13
1862	1864	8	9	0	1	69	120	4
1862	1866	5	5	0	1	92	120	13
1866	1868	8	9	0	0	69	120	4
1866	1874	4	4	0	1	49	127	28
1866	1874	5	5	0	1	94	120	13
1866	1866	6	6	0	0	42	120	33
1874	1882	5	5	1	1	96	120	13
1874	1890	6	6	1	2	43	120	33
1874	1890	4	4	1	2	43	127	28
1874	1878	8	9	0	0	69	120	4
1878	1882	4	4	1	1	49	127	28
1881	1886	8	9	0	0	69	120	4
1882	1890	4	4	0	1	55	127	28
1882	1890	5	5	0	1	94	120	13
1890	1898	5	5	0	1	97	120	13
1890	1891	8	9	0	0	69	120	4
1890	1898	4	4	0	1	49	127	28
1890	1890	6	6	0	0	43	120	33
1894	1896	8	9	0	1	69	120	4
1898	1902	8	9	0	0	69	120	4
1898	1914	4	4	1	2	43	127	28
1898	1922	5	5	1	3	96	120	13
1898	1898	6	6	0	0	43	120	33
1902	1906	4	4	1	1	50	127	28
1906	1907	8	9	0	0	69	120	4
1906	1914	4	4	0	1	59	127	28
1909	1911	8	9	0	1	69	120	4
1913	1915	8	9	0	0	69	120	4
1914	1914	6	6	0	0	43	120	33
1914	1914	4	4	0	0	43	127	28
1922	1922	6	6	0	0	43	120	33
1922	1926	8	9	0	0	69	120	4
1922	1938	4	4	1	2	55	127	28
1922	1938	5	5	1	2	95	120	13
1930	1934	8	9	0	0	69	120	4
1938	1946	3	3	0	1	62	125	48
1938	1939	8	9	0	0	69	120	4
1938	1945	3	3	0	1	55	125	48
1938	1945	3	3	0	1	67	125	48
1938	1938	6	6	0	0	43	120	33
1941	1943	8	9	0	0	69	120	4
1945	1954	7	7	1	1	75	96	56
1945	1954	3	3	1	1	75	125	48
1945	1954	1	1	1	1	75	120	0
1945	1970	2	2	1	3	48	120	0
1945	1970	3	3	1	3	48	125	48
1945	1962	4	4	1	2	48	127	28
1945	1954	4	4	1	1	75	127	28
1945	1962	6	6	1	2	36	120	33
1945	1945	8	9	0	0	69	120	4
1946	1954	3	3	1	1	60	125	48
1950	1958	2	2	1	1	55	120	0
1950	1954	4	4	1	1	55	127	28
1954	1954	1	1	0	0	75	120	0
1954	1970	2	2	0	2	63	120	0
1954	1954	3	3	0	0	60	125	48
1954	1954	4	4	0	0	75	127	28
1954	1954	3	3	0	0	75	125	48
1954	1954	7	7	0	0	75	96	56
1954	1955	8	9	0	0	69	120	4
1954	1962	4	4	0	1	60	127	28
1958	1960	8	9	0	0	69	120	4
1958	1962	7	7	0	1	77	96	56
1958	1962	4	4	0	1	77	127	28
1958	1962	3	3	0	1	62	125	48
1958	1962	1	1	0	1	77	120	0
1958	1962	3	3	0	1	77	125	48
1962	1970	4	4	0	1	79	127	28
1962	1970	3	3	0	1	63	125	48
1962	1970	3	3	0	1	79	125	48
1962	1970	1	1	0	1	79	120	0
1962	1962	6	6	0	0	36	120	33
1962	1970	7	7	0	1	79	96	56
1962	1964	8	9	0	0	69	120	4
1962	1970	4	4	0	1	55	127	28
1970	1994	3	3	1	3	46	125	48
1970	1978	3	3	1	1	74	125	48
1970	1994	2	2	1	3	46	120	0
1970	1978	1	1	1	1	74	120	0
1970	1978	3	3	1	1	58	125	48
1970	1978	4	4	1	1	74	127	28
1970	1986	4	4	1	2	46	127	28
1970	1986	6	6	1	2	34	120	33
1970	1978	7	7	1	1	74	96	56
1970	1974	8	9	0	0	69	120	4
1974	1990	2	2	1	2	53	120	0
1974	1978	4	4	1	1	53	127	28
1978	1994	3	3	0	2	82	125	48
1978	1994	1	1	0	2	82	120	0
1978	1994	4	4	0	2	82	127	28
1978	1994	2	2	0	2	62	120	0
1978	1986	4	4	0	1	62	127	28
1978	1994	7	7	0	2	82	96	56
1978	1982	8	9	0	0	69	120	4
1978	1994	3	3	0	2	65	125	48
1986	1994	4	4	0	1	53	127	28
1986	1986	6	6	0	0	34	120	33
1986	1988	8	9	0	0	69	120	4
1990	1992	8	9	0	0	69	120	4
1994	2018	2	2	1	3	44	120	0
1994	2002	3	3	1	1	56	125	48
1994	2002	1	1	1	1	72	120	0
1994	2018	3	3	1	3	44	125	48
1994	2002	3	3	1	1	72	125	48
1994	2002	4	4	1	1	72	127	28
1994	2010	6	6	1	2	32	120	33
1994	2002	7	7	1	1	72	96	56
1994	1998	8	9	0	0	69	120	4
1994	2010	4	4	1	2	44	127	28
1998	2014	2	2	1	2	51	120	0
1998	2002	4	4	1	1	51	127	28
2002	2002	4	4	0	0	72	127	28
2002	2002	1	1	0	0	72	120	0
2002	2018	2	2	0	2	60	120	0
2002	2002	3	3	0	0	56	125	48
2002	2002	3	3	0	0	72	125	48
2002	2010	4	4	0	1	60	127	28
2002	2002	7	7	0	0	72	96	56
2002	2004	8	9	0	0	69	120	4
2006	2008	8	9	0	0	69	120	4
2006	2010	1	1	0	1	74	120	0
2006	2010	3	3	0	1	74	125	48
2006	2010	4	4	0	1	74	127	28
2006	2010	7	7	0	1	74	96	56
2006	2010	3	3	0	1	58	125	48
2010	2012	8	9	0	0	69	120	4
2010	2018	7	7	0	1	75	96	56
2010	2010	6	6	0	0	32	120	33
2010	2018	4	4	0	1	75	127	28
2010	2018	1	1	0	1	75	120	0
2010	2018	3	3	0	1	75	125	48
2010	2018	3	3	0	1	60	125	48
2010	2018	4	4	0	1	51	127	28
2018	2022	8	9	0	0	69	120	4
2018	2026	1	1	1	1	70	120	0
2018	2026	3	3	1	1	70	125	48
2018	2042	3	3	1	3	43	125	48
2018	2026	4	4	1	1	70	127	28
2018	2034	4	4	1	2	43	127	28
2018	2034	6	6	1	2	31	120	33
2018	2026	7	7	1	1	70	96	56
2018	2026	3	3	1	1	55	125	48
2018	2042	2	2	1	3	43	120	0
2022	2038	2	2	1	2	50	120	0
2022	2026	4	4	1	1	50	127	28
2026	2042	1	1	0	2	79	120	0
2026	2042	2	2	0	2	58	120	0
2026	2042	3	3	0	2	79	125	48
2026	2042	3	3	0	2	62	125	48
2026	2042	7	7	0	2	79	96	56
2026	2042	4	4	0	2	79	127	28
2026	2030	8	9	0	0	69	120	4
2026	2034	4	4	0	1	58	127	28
2034	2042	4	4	0	1	50	127	28
2034	2034	6	6	0	0	31	120	33
2034	2036	8	9	0	0	69	120	4
2038	2040	8	9	0	0	69	120	4
2042	2050	3	3	1	1	68	125	48
2042	2050	1	1	1	1	68	120	0
2042	2066	2	2	1	3	41	120	0
2042	2050	3	3	1	1	53	125	48
2042	2066	3	3	1	3	41	125	48
2042	2058	4	4	1	2	41	127	28
2042	2058	6	6	1	2	29	120	33
2042	2050	7	7	1	1	68	96	56
2042	2046	8	9	0	0	69	120	4
2042	2050	4	4	1	1	68	127	28
2046	2062	2	2	1	2	48	120	0
2046	2050	4	4	1	1	48	127	28
2050	2050	4	4	0	0	68	127	28
2050	2050	1	1	0	0	68	120	0
2050	2066	2	2	0	2	56	120	0
2050	2050	3	3	0	0	53	125	48
2050	2058	4	4	0	1	56	127	28
2050	2050	3	3	0	0	68	125	48
2050	2050	7	7	0	0	68	96	56
2050	2052	8	9	0	0	69	120	4
2054	2058	1	1	0	1	70	120	0
2054	2058	3	3	0	1	70	125	48
2054	2058	7	7	0	1	70	96	56
2054	2058	3	3	0	1	55	125	48
2054	2058	4	4	0	1	70	127	28
2054	2056	8	9	0	0	69	120	4
2058	2058	6	6	0	0	29	120	33
2058	2060	8	9	0	0	69	120	4
2058	2066	7	7	0	1	72	96	56
2058	2066	4	4	0	1	48	127	28
2058	2066	1	1	0	1	72	120	0
2058	2066	3	3	0	1	56	125	48
2058	2066	3	3	0	1	72	125	48
2058	2066	4	4	0	1	72	127	28
2066	2082	6	6	1	2	34	120	33
2066	2074	3	3	1	1	74	125	48
2066	2074	1	1	1	1	74	120	0
2066	2090	2	2	1	3	46	120	0
2066	2090	3	3	1	3	46	125	48
2066	2074	3	3	1	1	58	125	48
2066	2082	4	4	1	2	46	127	28
2066	2074	4	4	1	1	74	127	28
2066	2074	7	7	1	1	74	96	56
2066	2070	8	9	0	0	69	120	4
2070	2086	2	2	1	2	53	120	0
2070	2074	4	4	1	1	53	127	28
2074	2082	3	3	0	1	72	125	48
2074	2082	1	1	0	1	72	120	0
2074	2090	2	2	0	2	62	120	0
2074	2082	3	3	0	1	60	125	48
2074	2082	4	4	0	1	62	127	28
2074	2082	7	7	0	1	72	96	56
2074	2078	8	9	0	0	69	120	4
2074	2082	4	4	0	1	72	127	28
2082	2090	3	3	0	1	70	125	48
2082	2090	4	4	0	1	53	127	28
2082	2090	3	3	0	1	58	125	48
2082	2090	1	1	0	1	70	120	0
2082	2090	4	4	0	1	70	127	28
2082	2082	6	6	0	0	34	120	33
2082	2090	7	7	0	1	70	96	56
2082	2084	8	9	0	0	69	120	4
2086	2088	8	9	0	0	69	120	4
2090	2106	4	4	1	2	39	127	28
2090	2106	3	3	1	2	67	125	48
2090	2106	1	1	1	2	67	120	0
2090	2114	2	2	1	3	39	120	0
2090	2106	3	3	1	2	51	125	48
2090	2114	3	3	1	3	39	125	48
2090	2106	4	4	1	2	67	127	28
2090	2106	6	6	1	2	39	120	33
2090	2106	7	7	1	2	67	96	56
2090	2094	8	9	0	0	69	120	4
2094	2098	4	4	1	1	46	127	28
2094	2110	2	2	1	2	46	120	0
2098	2114	2	2	0	2	55	120	0
2098	2106	4	4	0	1	55	127	28
2098	2100	8	9	0	0	69	120	4
2102	2104	8	9	0	0	69	120	4
2106	2106	6	6	0	0	39	120	33
2106	2114	3	3	0	1	65	125	48
2106	2114	1	1	0	1	65	120	0
2106	2114	4	4	0	1	46	127	28
2106	2106	3	3	0	0	51	125	48
2106	2108	8	9	0	0	69	120	4
2106	2114	7	7	0	1	65	96	56
2106	2114	4	4	0	1	65	127	28
2114	2130	4	4	1	2	43	127	28
2114	2130	1	1	1	2	67	120	0
2114	2138	2	2	1	3	43	120	0
2114	2130	3	3	1	2	55	125	48
2114	2138	3	3	1	3	43	125	48
2114	2130	4	4	1	2	67	127	28
2114	2130	6	6	1	2	31	120	33
2114	2130	7	7	1	2	67	96	56
2114	2118	8	9	0	0	69	120	4
2114	2130	3	3	1	2	67	125	48
2118	2134	2	2	1	2	50	120	0
2118	2122	4	4	1	1	50	127	28
2122	2130	4	4	0	1	59	127	28
2122	2138	2	2	0	2	59	120	0
2122	2126	8	9	0	0	69	120	4
2130	2132	8	9	0	0	69	120	4
2130	2130	7	7	0	0	67	96	56
2130	2130	6	6	0	0	31	120	33
2130	2130	4	4	0	0	67	127	28
2130	2138	4	4	0	1	55	127	28
2130	2130	3	3	0	0	67	125	48
2130	2130	1	1	0	0	67	120	0
2130	2130	3	3	0	0	55	125	48
2134	2136	8	9	0	0	69	120	4
2138	2146	3	3	1	1	75	125	48
2138	2162	3	3	1	3	48	125	48
2138	2146	1	1	1	1	75	120	0
2138	2162	2	2	1	3	48	120	0
2138	2138	8	9	0	0	69	120	4
2138	2154	6	6	1	2	36	120	33
2138	2154	4	4	1	2	48	127	28
2138	2146	4	4	1	1	75	127	28
2138	2146	3	3	1	1	60	125	48
2138	2146	7	7	1	1	75	96	56
2142	2158	2	2	1	2	55	120	0
2142	2146	4	4	1	1	55	127	28
2146	2146	1	1	0	0	75	120	0
2146	2146	3	3	0	0	60	125	48
2146	2148	8	9	0	0	69	120	4
2146	2162	2	2	0	2	63	120	0
2146	2146	3	3	0	0	75	125	48
2146	2154	4	4	0	1	60	127	28
2146	2146	4	4	0	0	75	127	28
2146	2146	7	7	0	0	75	96	56
2149	2152	8	9	0	0	69	120	4
2150	2154	7	7	0	1	77	96	56
2150	2154	4	4	0	1	77	127	28
2150	2154	3	3	0	1	62	125	48
2150	2154	3	3	0	1	77	125	48
2150	2154	1	1	0	1	77	120	0
2154	2156	8	9	0	0	69	120	4
2154	2162	3	3	0	1	79	125	48
2154	2162	3	3	0	1	63	125	48
2154	2162	1	1	0	1	79	120	0
2154	2162	4	4	0	1	55	127	28
2154	2154	6	6	0	0	36	120	33
2154	2162	7	7	0	1	79	96	56
2154	2162	4	4	0	1	79	127	28
2162	2170	3	3	1	1	58	125	48
2162	2165	8	9	0	0	69	120	4
2162	2170	1	1	1	1	74	120	0
2162	2186	2	2	1	3	46	120	0
2162	2170	3	3	1	1	74	125	48
2162	2170	4	4	1	1	74	127	28
2162	2178	4	4	1	2	46	127	28
2162	2178	6	6	1	2	34	120	33
2162	2170	7	7	1	1	74	96	56
2162	2186	3	3	1	3	46	125	48
2166	2170	4	4	1	1	53	127	28
2166	2182	2	2	1	2	53	120	0
2170	2178	4	4	0	1	62	127	28
2170	2174	8	9	0	0	69	120	4
2170	2186	1	1	0	2	82	120	0
2170	2186	2	2	0	2	62	120	0
2170	2186	3	3	0	2	65	125	48
2170	2186	3	3	0	2	82	125	48
2170	2186	4	4	0	2	82	127	28
2170	2186	7	7	0	2	82	96	56
2178	2186	4	4	0	1	53	127	28
2178	2178	6	6	0	0	34	120	33
2178	2180	8	9	0	0	69	120	4
2182	2184	8	9	0	0	69	120	4
2186	2202	6	6	1	2	32	120	33
2186	2194	1	1	1	1	72	120	0
2186	2210	2	2	1	3	44	120	0
2186	2190	8	9	0	0	69	120	4
2186	2194	3	3	1	1	56	125	48
2186	2194	3	3	1	1	72	125	48
2186	2202	4	4	1	2	44	127	28
2186	2194	4	4	1	1	72	127	28
2186	2194	7	7	1	1	72	96	56
2186	2210	3	3	1	3	44	125	48
2190	2194	4	4	1	1	51	127	28
2190	2206	2	2	1	2	51	120	0
2194	2194	3	3	0	0	56	125	48
2194	2194	1	1	0	0	72	120	0
2194	2196	8	9	0	0	69	120	4
2194	2194	3	3	0	0	72	125	48
2194	2202	4	4	0	1	60	127	28
2194	2194	4	4	0	0	72	127	28
2194	2194	7	7	0	0	72	96	56
2194	2210	2	2	0	2	60	120	0
2198	2202	7	7	0	1	74	96	56
2198	2202	4	4	0	1	74	127	28
2198	2202	3	3	0	1	74	125	48
2198	2202	3	3	0	1	58	125	48
2198	2202	1	1	0	1	74	120	0
2198	2200	8	9	0	0	69	120	4
2202	2204	8	9	0	0	69	120	4
2202	2210	3	3	0	1	60	125	48
2202	2210	1	1	0	1	75	120	0
2202	2210	3	3	0	1	75	125	48
2202	2202	6	6	0	0	32	120	33
2202	2210	4	4	0	1	75	127	28
2202	2210	4	4	0	1	51	127	28
2202	2210	7	7	0	1	75	96	56
2210	2234	3	3	1	3	43	125	48
2210	2214	8	9	0	0	69	120	4
2210	2218	1	1	1	1	70	120	0
2210	2234	2	2	1	3	43	120	0
2210	2218	3	3	1	1	70	125	48
2210	2218	4	4	1	1	70	127	28
2210	2226	4	4	1	2	43	127	28
2210	2226	6	6	1	2	31	120	33
2210	2218	7	7	1	1	70	96	56
2210	2218	3	3	1	1	55	125	48
2214	2218	4	4	1	1	50	127	28
2214	2230	2	2	1	2	50	120	0
2218	2234	7	7	0	2	79	96	56
2218	2234	3	3	0	2	79	125	48
2218	2222	8	9	0	0	69	120	4
2218	2234	1	1	0	2	79	120	0
2218	2234	2	2	0	2	58	120	0
2218	2234	3	3	0	2	62	125	48
2218	2234	4	4	0	2	79	127	28
2218	2226	4	4	0	1	58	127	28
2226	2228	8	9	0	0	69	120	4
2226	2234	4	4	0	1	50	127	28
2226	2226	6	6	0	0	31	120	33
2230	2232	8	9	0	0	69	120	4
2234	2242	4	4	1	1	68	127	28
2234	2238	8	9	0	0	69	120	4
2234	2258	2	2	1	3	41	120	0
2234	2242	1	1	1	1	68	120	0
2234	2242	3	3	1	1	53	125	48
2234	2242	3	3	1	1	68	125	48
2234	2242	7	7	1	1	68	96	56
2234	2250	4	4	1	2	41	127	28
2234	2250	6	6	1	2	29	120	33
2234	2258	3	3	1	3	41	125	48
2238	2254	2	2	1	2	48	120	0
2238	2242	4	4	1	1	48	127	28
2242	2250	7	7	0	1	70	96	56
2242	2242	4	4	0	0	68	127	28
2242	2250	4	4	0	1	56	127	28
2242	2250	3	3	0	1	70	125	48
2242	2250	3	3	0	1	55	125	48
2242	2258	2	2	0	2	53	120	0
2242	2250	1	1	0	1	70	120	0
2242	2244	8	9	0	0	69	120	4
2246	2250	4	4	0	1	70	127	28
2246	2248	8	9	0	0	69	120	4
2250	2258	7	7	0	1	72	96	56
2250	2250	6	6	0	0	29	120	33
2250	2258	4	4	0	1	48	127	28
2250	2258	3	3	0	1	72	125	48
2250	2258	3	3	0	1	56	125	48
2250	2258	1	1	0	1	72	120	0
2250	2252	8	9	0	0	69	120	4
2250	2258	4	4	0	1	72	127	28
2258	2282	3	3	1	3	43	125	48
2258	2274	4	4	1	2	43	127	28
2258	2262	8	9	0	0	69	120	4
2258	2282	2	2	1	3	43	120	0
2258	2266	3	3	1	1	74	125	48
2258	2266	1	1	1	1	74	120	0
2258	2274	6	6	1	2	31	120	33
2258	2266	4	4	1	1	74	127	28
2258	2266	3	3	1	1	58	125	48
2258	2266	7	7	1	1	74	96	56
2262	2266	4	4	1	1	50	127	28
2262	2278	2	2	1	2	50	120	0
2266	2270	8	9	0	0	69	120	4
2266	2274	1	1	0	1	72	120	0
2266	2282	2	2	0	2	58	120	0
2266	2274	3	3	0	1	60	125	48
2266	2274	4	4	0	1	58	127	28
2266	2274	4	4	0	1	72	127	28
2266	2274	7	7	0	1	72	96	56
2266	2274	3	3	0	1	72	125	48
2274	2282	3	3	0	1	62	125	48
2274	2276	8	9	0	0	69	120	4
2274	2282	1	1	0	1	70	120	0
2274	2282	3	3	0	1	70	125	48
2274	2282	4	4	0	1	50	127	28
2274	2282	4	4	0	1	70	127	28
2274	2274	6	6	0	0	31	120	33
2274	2282	7	7	0	1	70	96	56
2278	2280	8	9	0	0	69	120	4
2282	2298	3	3	1	2	44	125	48
2282	2286	8	9	0	0	69	120	4
2282	2298	1	1	1	2	72	120	0
2282	2298	4	4	1	2	44	127	28
2282	2298	2	2	1	2	44	120	0
2282	2298	3	3	1	2	63	125	48
2282	2298	4	4	1	2	72	127	28
2282	2298	6	6	1	2	32	120	33
2282	2298	7	7	1	2	72	96	56
2282	2298	3	3	1	2	72	125	48
2286	2294	2	2	1	1	51	120	0
2286	2290	4	4	1	1	51	127	28
2290	2298	4	4	0	1	60	127	28
2290	2306	2	2	0	2	60	120	0
2290	2292	8	9	0	0	69	120	4
2294	2296	8	9	0	0	69	120	4
2298	2306	4	4	0	1	46	127	28
2298	2306	3	3	0	1	62	125	48
2298	2300	8	9	0	0	69	120	4
2298	2306	1	1	0	1	70	120	0
2298	2306	2	2	0	1	46	120	0
2298	2306	3	3	0	1	46	125	48
2298	2306	3	3	0	1	70	125	48
2298	2306	4	4	0	1	70	127	28
2298	2306	6	6	0	1	34	120	33
2298	2306	7	7	0	1	70	96	56
2306	2310	8	9	0	0	69	120	4
2306	2322	6	6	1	2	36	120	33
2306	2322	1	1	1	2	72	120	0
2306	2322	2	2	1	2	48	120	0
2306	2322	3	3	1	2	60	125	48
2306	2330	3	3	1	3	48	125	48
2306	2322	3	3	1	2	72	125	48
2306	2322	7	7	1	2	72	96	56
2306	2322	4	4	1	2	48	127	28
2306	2322	4	4	1	2	72	127	28
2310	2326	2	2	1	2	55	120	0
2310	2314	4	4	1	1	55	127	28
2314	2318	8	9	0	0	69	120	4
2314	2322	4	4	0	1	60	127	28
2314	2330	2	2	0	2	60	120	0
2322	2330	1	1	0	1	67	120	0
2322	2330	4	4	0	1	67	127	28
2322	2330	3	3	0	1	67	125	48
2322	2330	3	3	0	1	55	125	48
2322	2324	8	9	0	0	69	120	4
2322	2330	4	4	0	1	55	127	28
2322	2322	6	6	0	0	36	120	33
2322	2330	7	7	0	1	67	96	56
2326	2328	8	9	0	0	69	120	4
2330	2338	7	7	1	1	75	96	56
2330	2330	6	6	0	0	36	120	33
2330	2346	4	4	1	2	48	127	28
2330	2338	4	4	1	1	75	127	28
2330	2338	3	3	1	1	60	125	48
2330	2330	3	3	0	0	48	125	48
2330	2338	3	3	1	1	75	125	48
2330	2354	2	2	1	3	48	120	0
2330	2338	1	1	1	1	75	120	0
2330	2330	8	9	0	0	69	120	4
2334	2342	2	2	1	1	55	120	0
2334	2338	4	4	1	1	55	127	28
2338	2338	7	7	0	0	75	96	56
2338	2338	4	4	0	0	75	127	28
2338	2346	4	4	0	1	60	127	28
2338	2338	3	3	0	0	60	125	48
2338	2338	3	3	0	0	75	125	48
2338	2354	2	2	0	2	63	120	0
2338	2338	1	1	0	0	75	120	0
2338	2340	8	9	0	0	69	120	4
2342	2346	3	3	0	1	62	125	48
2342	2344	8	9	0	0	69	120	4
2342	2346	1	1	0	1	77	120	0
2342	2346	3	3	0	1	77	125	48
2342	2346	4	4	0	1	77	127	28
2342	2346	7	7	0	1	77	96	56
2346	2354	7	7	0	1	79	96	56
2346	2346	6	6	0	0	36	120	33
2346	2354	4	4	0	1	55	127	28
2346	2354	3	3	0	1	63	125	48
2346	2354	3	3	0	1	79	125	48
2346	2354	1	1	0	1	79	120	0
2346	2348	8	9	0	0	69	120	4
2346	2354	4	4	0	1	79	127	28
2354	2362	3	3	1	1	58	125	48
2354	2358	8	9	0	0	69	120	4
2354	2362	1	1	1	1	74	120	0
2354	2378	2	2	1	3	46	120	0
2354	2378	3	3	1	3	46	125	48
2354	2362	7	7	1	1	74	96	56
2354	2362	3	3	1	1	74	125	48
2354	2362	4	4	1	1	74	127	28
2354	2370	6	6	1	2	34	120	33
2354	2370	4	4	1	2	46	127	28
2358	2362	4	4	1	1	53	127	28
2358	2374	2	2	1	2	53	120	0
2362	2378	7	7	0	2	82	96	56
2362	2378	4	4	0	2	82	127	28
2362	2370	4	4	0	1	62	127	28
2362	2378	3	3	0	2	65	125	48
2362	2378	3	3	0	2	82	125	48
2362	2378	2	2	0	2	62	120	0
2362	2366	8	9	0	0	69	120	4
2362	2378	1	1	0	2	82	120	0
2370	2378	4	4	0	1	53	127	28
2370	2370	6	6	0	0	34	120	33
2370	2372	8	9	0	0	69	120	4
2374	2376	8	9	0	0	69	120	4
2378	2394	6	6	1	2	32	120	33
2378	2386	7	7	1	1	72	96	56
2378	2394	4	4	1	2	44	127	28
2378	2386	4	4	1	1	72	127	28
2378	2386	3	3	1	1	56	125	48
2378	2386	3	3	1	1	72	125	48
2378	2402	2	2	1	3	44	120	0
2378	2382	8	9	0	0	69	120	4
2378	2386	1	1	1	1	72	120	0
2378	2402	3	3	1	3	44	125	48
2382	2386	4	4	1	1	51	127	28
2382	2398	2	2	1	2	51	120	0
2386	2386	7	7	0	0	72	96	56
2386	2386	4	4	0	0	72	127	28
2386	2394	4	4	0	1	60	127	28
2386	2386	3	3	0	0	56	125	48
2386	2386	3	3	0	0	72	125	48
2386	2402	2	2	0	2	60	120	0
2386	2386	1	1	0	0	72	120	0
2386	2388	8	9	0	0	69	120	4
2390	2392	8	9	0	0	69	120	4
2390	2394	1	1	0	1	74	120	0
2390	2394	3	3	0	1	74	125	48
2390	2394	4	4	0	1	74	127	28
2390	2394	7	7	0	1	74	96	56
2390	2394	3	3	0	1	58	125	48
2394	2402	4	4	0	1	75	127	28
2394	2402	7	7	0	1	75	96	56
2394	2394	6	6	0	0	32	120	33
2394	2402	4	4	0	1	51	127	28
2394	2402	3	3	0	1	60	125	48
2394	2402	3	3	0	1	75	125	48
2394	2402	1	1	0	1	75	120	0
2394	2396	8	9	0	0	69	120	4
2402	2406	8	9	0	0	69	120	4
2402	2410	3	3	1	1	55	125	48
2402	2410	1	1	1	1	70	120	0
2402	2426	2	2	1	3	43	120	0
2402	2410	3	3	1	1	70	125	48
2402	2410	7	7	1	1	70	96	56
2402	2418	6	6	1	2	31	120	33
2402	2418	4	4	1	2	43	127	28
2402	2426	3	3	1	3	43	125	48
2402	2410	4	4	1	1	70	127	28
2406	2410	4	4	1	1	50	127	28
2406	2422	2	2	1	2	50	120	0
2410	2426	7	7	0	2	79	96	56
2410	2426	4	4	0	2	79	127	28
2410	2418	4	4	0	1	58	127	28
2410	2426	3	3	0	2	62	125	48
2410	2426	3	3	0	2	79	125	48
2410	2426	2	2	0	2	58	120	0
2410	2426	1	1	0	2	79	120	0
2410	2414	8	9	0	0	69	120	4
2418	2426	4	4	0	1	50	127	28
2418	2420	8	9	0	0	69	120	4
2418	2418	6	6	0	0	31	120	33
2422	2424	8	9	0	0	69	120	4
2426	2450	3	3	1	3	41	125	48
2426	2434	7	7	1	1	68	96	56
2426	2442	6	6	1	2	29	120	33
2426	2434	4	4	1	1	68	127	28
2426	2442	4	4	1	2	41	127	28
2426	2434	3	3	1	1	68	125	48
2426	2434	3	3	1	1	53	125	48
2426	2450	2	2	1	3	41	120	0
2426	2434	1	1	1	1	68	120	0
2426	2430	8	9	0	0	69	120	4
2430	2434	4	4	1	1	48	127	28
2430	2446	2	2	1	2	48	120	0
2434	2436	8	9	0	0	69	120	4
2434	2434	7	7	0	0	68	96	56
2434	2434	4	4	0	0	68	127	28
2434	2442	4	4	0	1	56	127	28
2434	2434	3	3	0	0	53	125	48
2434	2434	3	3	0	0	68	125	48
2434	2450	2	2	0	2	56	120	0
2434	2434	1	1	0	0	68	120	0
2438	2440	8	9	0	0	69	120	4
2438	2442	1	1	0	1	70	120	0
2438	2442	3	3	0	1	70	125	48
2438	2442	3	3	0	1	55	125	48
2438	2442	4	4	0	1	70	127	28
2438	2442	7	7	0	1	70	96	56
2442	2444	8	9	0	1	69	120	4
2442	2450	7	7	0	1	72	96	56
2442	2442	6	6	0	0	29	120	33
2442	2450	4	4	0	1	72	127	28
2442	2450	4	4	0	1	48	127	28
2442	2450	3	3	0	1	72	125	48
2442	2450	3	3	0	1	56	125	48
2442	2450	1	1	0	1	72	120	0
2450	2454	8	9	0	1	69	120	4
2450	2458	1	1	0	0	74	120	0
2450	2474	2	2	1	2	46	120	0
2450	2458	3	3	0	0	74	125	48
2450	2458	3	3	0	0	58	125	48
2450	2458	7	7	0	0	74	96	56
2450	2466	6	6	1	1	34	120	33
2450	2458	4	4	0	0	74	127	28
2450	2466	4	4	1	1	46	127	28
2450	2474	3	3	1	2	46	125	48
2454	2458	4	4	0	0	53	127	28
2454	2470	2	2	1	2	53	120	0
2458	2462	8	9	1	1	69	120	4
2458	2466	1	1	1	1	72	120	0
2458	2474	2	2	1	2	62	120	0
2458	2466	3	3	1	1	56	125	48
2458	2466	4	4	1	1	62	127	28
2458	2466	4	4	1	1	72	127	28
2458	2466	7	7	1	1	72	96	56
2458	2466	3	3	1	1	72	125	48
2466	2474	3	3	0	1	55	125	48
2466	2468	8	9	0	1	69	120	4
2466	2474	3	3	0	1	70	125	48
2466	2474	4	4	0	1	53	127	28
2466	2474	4	4	0	1	70	127	28
2466	2466	6	6	0	0	34	120	33
2466	2474	7	7	0	1	70	96	56
2466	2474	1	1	0	1	70	120	0
2470	2472	8	9	0	0	69	120	4
2474	2490	3	3	1	2	51	125	48
2474	2498	2	2	1	3	39	120	0
2474	2490	1	1	1	2	67	120	0
2474	2478	8	9	0	1	69	120	4
2474	2498	3	3	1	3	39	125	48
2474	2490	4	4	1	2	67	127	28
2474	2490	4	4	1	2	39	127	28
2474	2490	6	6	1	2	39	120	33
2474	2490	7	7	1	2	67	96	56
2474	2490	3	3	1	2	67	125	48
2478	2494	2	2	1	2	46	120	0
2478	2482	4	4	0	0	46	127	28
2482	2484	8	9	1	1	69	120	4
2482	2498	2	2	1	2	55	120	0
2482	2490	4	4	1	1	55	127	28
2486	2488	8	9	0	0	69	120	4
2490	2498	3	3	0	1	65	125	48
2490	2492	8	9	0	1	69	120	4
2490	2498	3	3	0	1	53	125	48
2490	2498	4	4	0	1	46	127	28
2490	2490	6	6	0	0	39	120	33
2490	2498	1	1	0	1	65	120	0
2490	2498	7	7	0	1	65	96	56
2490	2498	4	4	0	1	65	127	28
2498	2522	3	3	1	3	43	125	48
2498	2514	3	3	1	2	55	125	48
2498	2502	8	9	0	1	69	120	4
2498	2514	1	1	1	2	67	120	0
2498	2522	2	2	1	3	43	120	0
2498	2514	3	3	1	2	67	125	48
2498	2514	4	4	1	2	67	127	28
2498	2514	4	4	1	2	43	127	28
2498	2514	6	6	1	2	31	120	33
2498	2514	7	7	1	2	67	96	56
2502	2518	2	2	1	2	50	120	0
2502	2506	4	4	0	0	50	127	28
2506	2510	8	9	1	1	69	120	4
2506	2522	2	2	1	2	59	120	0
2506	2514	4	4	1	1	59	127	28
2514	2514	7	7	0	0	67	96	56
2514	2514	1	1	0	0	67	120	0
2514	2514	6	6	0	0	31	120	33
2514	2514	4	4	0	0	67	127	28
2514	2522	4	4	0	1	55	127	28
2514	2516	8	9	0	1	69	120	4
2514	2514	3	3	0	0	55	125	48
2514	2514	3	3	0	0	67	125	48
2518	2520	8	9	0	0	69	120	4
2522	2530	1	1	0	1	75	120	0
2522	2530	3	3	0	1	60	125	48
2522	2546	3	3	1	3	48	125	48
2522	2546	2	2	1	3	48	120	0
2522	2530	3	3	0	1	75	125	48
2522	2522	8	9	0	0	69	120	4
2522	2530	7	7	0	1	75	96	56
2522	2538	6	6	1	2	36	120	33
2522	2538	4	4	1	2	48	127	28
2522	2530	4	4	0	1	75	127	28
2526	2542	2	2	1	2	55	120	0
2526	2530	4	4	0	0	55	127	28
2530	2546	2	2	1	2	63	120	0
2530	2532	8	9	1	1	69	120	4
2530	2530	7	7	0	0	75	96	56
2530	2530	4	4	0	0	75	127	28
2530	2530	3	3	0	0	75	125	48
2530	2530	3	3	0	0	60	125	48
2530	2530	1	1	0	0	75	120	0
2530	2538	4	4	1	1	60	127	28
2534	2538	3	3	0	0	62	125	48
2534	2538	1	1	0	0	77	120	0
2534	2538	4	4	0	0	77	127	28
2534	2538	7	7	0	0	77	96	56
2534	2536	8	9	0	0	69	120	4
2534	2538	3	3	0	0	77	125	48
2538	2540	8	9	0	1	69	120	4
2538	2546	7	7	0	1	79	96	56
2538	2538	6	6	0	0	36	120	33
2538	2546	4	4	0	1	55	127	28
2538	2546	4	4	0	1	79	127	28
2538	2546	3	3	0	1	79	125	48
2538	2546	3	3	0	1	63	125	48
2538	2546	1	1	0	1	79	120	0
2546	2554	4	4	0	1	74	127	28
2546	2554	3	3	0	1	58	125	48
2546	2554	1	1	0	1	74	120	0
2546	2570	2	2	1	3	46	120	0
2546	2570	3	3	1	3	46	125	48
2546	2550	8	9	0	1	69	120	4
2546	2554	7	7	0	1	74	96	56
2546	2562	6	6	1	2	34	120	33
2546	2562	4	4	1	2	46	127	28
2546	2554	3	3	0	1	74	125	48
2550	2566	2	2	1	2	53	120	0
2550	2554	4	4	0	0	53	127	28
2554	2562	4	4	1	1	62	127	28
2554	2570	1	1	1	2	82	120	0
2554	2570	3	3	1	2	82	125	48
2554	2570	3	3	1	2	65	125	48
2554	2570	4	4	1	2	82	127	28
2554	2558	8	9	1	1	69	120	4
2554	2570	7	7	1	2	82	96	56
2554	2570	2	2	1	2	62	120	0
2562	2564	8	9	0	1	69	120	4
2562	2570	4	4	0	1	53	127	28
2562	2562	6	6	0	0	34	120	33
2566	2568	8	9	0	0	69	120	4
2570	2578	1	1	0	1	72	120	0
2570	2594	2	2	1	3	44	120	0
2570	2594	3	3	1	3	44	125	48
2570	2578	3	3	0	1	72	125	48
2570	2578	4	4	0	1	72	127	28
2570	2586	6	6	1	2	32	120	33
2570	2578	7	7	0	1	72	96	56
2570	2574	8	9	0	1	69	120	4
2570	2578	3	3	0	1	56	125	48
2570	2586	4	4	1	2	44	127	28
2574	2590	2	2	1	2	51	120	0
2574	2578	4	4	0	0	51	127	28
2578	2586	4	4	1	1	60	127	28
2578	2578	1	1	0	0	72	120	0
2578	2594	2	2	1	2	60	120	0
2578	2578	3	3	0	0	72	125	48
2578	2578	3	3	0	0	56	125	48
2578	2578	4	4	0	0	72	127	28
2578	2578	7	7	0	0	72	96	56
2578	2580	8	9	1	1	69	120	4
2582	2586	1	1	0	0	74	120	0
2582	2586	7	7	0	0	74	96	56
2582	2586	3	3	0	0	58	125	48
2582	2586	4	4	0	0	74	127	28
2582	2584	8	9	0	0	69	120	4
2582	2586	3	3	0	0	74	125	48
2586	2594	1	1	0	1	75	120	0
2586	2588	8	9	0	1	69	120	4
2586	2594	7	7	0	1	75	96	56
2586	2586	6	6	0	0	32	120	33
2586	2594	4	4	0	1	51	127	28
2586	2594	3	3	0	1	75	125	48
2586	2594	3	3	0	1	60	125	48
2586	2594	4	4	0	1	75	127	28
2594	2598	8	9	0	1	69	120	4
2594	2618	3	3	1	3	43	125	48
2594	2602	1	1	0	1	70	120	0
2594	2618	2	2	1	3	43	120	0
2594	2602	3	3	0	1	70	125	48
2594	2602	4	4	0	1	70	127	28
2594	2610	4	4	1	2	43	127	28
2594	2610	6	6	1	2	31	120	33
2594	2602	7	7	0	1	70	96	56
2594	2602	3	3	0	1	55	125	48
2598	2614	2	2	1	2	50	120	0
2598	2602	4	4	0	0	50	127	28
2602	2618	3	3	1	2	62	125	48
2602	2618	2	2	1	2	58	120	0
2602	2618	1	1	1	2	79	120	0
2602	2618	4	4	1	2	79	127	28
2602	2610	4	4	1	1	58	127	28
2602	2618	7	7	1	2	79	96	56
2602	2606	8	9	1	1	69	120	4
2602	2618	3	3	1	2	79	125	48
2610	2618	4	4	0	1	50	127	28
2610	2612	8	9	0	1	69	120	4
2610	2610	6	6	0	0	31	120	33
2614	2616	8	9	0	0	69	120	4
2618	2626	4	4	0	1	68	127	28
2618	2626	1	1	0	1	68	120	0
2618	2642	2	2	1	3	41	120	0
2618	2642	3	3	1	3	41	125	48
2618	2626	3	3	0	1	53	125	48
2618	2626	3	3	0	1	68	125	48
2618	2634	4	4	1	2	41	127	28
2618	2634	6	6	1	2	29	120	33
2618	2626	7	7	0	1	68	96	56
2618	2622	8	9	0	1	69	120	4
2622	2638	2	2	1	2	48	120	0
2622	2626	4	4	0	0	48	127	28
2626	2642	2	2	1	2	53	120	0
2626	2634	3	3	1	1	70	125	48
2626	2634	3	3	1	1	55	125	48
2626	2634	4	4	1	1	56	127	28
2626	2634	7	7	1	1	70	96	56
2626	2628	8	9	1	1	69	120	4
2626	2634	1	1	1	1	70	120	0
2626	2626	4	4	0	0	68	127	28
2630	2632	8	9	0	0	69	120	4
2630	2634	4	4	0	0	70	127	28
2634	2634	6	6	0	0	29	120	33
2634	2642	1	1	0	1	72	120	0
2634	2642	3	3	0	1	56	125	48
2634	2642	3	3	0	1	72	125	48
2634	2642	4	4	0	1	48	127	28
2634	2642	7	7	0	1	72	96	56
2634	2636	8	9	0	1	69	120	4
2634	2642	4	4	0	1	72	127	28
2642	2658	4	4	1	2	43	127	28
2642	2650	3	3	0	1	58	125	48
2642	2650	1	1	0	1	74	120	0
2642	2666	2	2	1	3	43	120	0
2642	2666	3	3	1	3	43	125	48
2642	2646	8	9	0	1	69	120	4
2642	2650	7	7	0	1	74	96	56
2642	2658	6	6	1	2	31	120	33
2642	2650	4	4	0	1	74	127	28
2642	2650	3	3	0	1	74	125	48
2646	2662	2	2	1	2	50	120	0
2646	2650	4	4	0	0	50	127	28
2650	2658	1	1	1	1	72	120	0
2650	2666	2	2	1	2	58	120	0
2650	2658	3	3	1	1	72	125	48
2650	2658	4	4	1	1	72	127	28
2650	2658	3	3	1	1	60	125	48
2650	2658	7	7	1	1	72	96	56
2650	2654	8	9	1	1	69	120	4
2650	2658	4	4	1	1	58	127	28
2658	2666	3	3	0	1	70	125	48
2658	2666	1	1	0	1	70	120	0
2658	2666	3	3	0	1	62	125	48
2658	2666	4	4	0	1	70	127	28
2658	2666	4	4	0	1	50	127	28
2658	2658	6	6	0	0	31	120	33
2658	2666	7	7	0	1	70	96	56
2658	2660	8	9	0	1	69	120	4
2662	2664	8	9	0	0	69	120	4
2666	2682	4	4	1	2	44	127	28
2666	2682	2	2	1	2	44	120	0
2666	2682	3	3	1	2	72	125	48
2666	2682	1	1	1	2	72	120	0
2666	2682	3	3	1	2	63	125	48
2666	2682	3	3	1	2	44	125	48
2666	2682	6	6	1	2	32	120	33
2666	2682	7	7	1	2	72	96	56
2666	2670	8	9	0	1	69	120	4
2666	2682	4	4	1	2	72	127	28
2670	2678	2	2	1	1	51	120	0
2670	2674	4	4	0	0	51	127	28
2674	2682	4	4	1	1	60	127	28
2674	2676	8	9	1	1	69	120	4
2674	2690	2	2	1	2	60	120	0
2678	2680	8	9	0	0	69	120	4
2682	2690	7	7	0	1	70	96	56
2682	2690	3	3	0	1	46	125	48
2682	2690	2	2	0	1	46	120	0
2682	2690	1	1	0	1	70	120	0
2682	2690	3	3	0	1	70	125	48
2682	2690	4	4	0	1	46	127	28
2682	2690	4	4	0	1	70	127	28
2682	2690	6	6	0	1	34	120	33
2682	2684	8	9	0	1	69	120	4
2682	2690	3	3	0	1	62	125	48
2690	2706	2	2	1	2	48	120	0
2690	2706	1	1	1	2	72	120	0
2690	2706	3	3	1	2	72	125	48
2690	2706	3	3	1	2	60	125	48
2690	2714	3	3	1	3	48	125	48
2690	2706	4	4	1	2	72	127	28
2690	2706	6	6	1	2	36	120	33
2690	2706	7	7	1	2	72	96	56
2690	2694	8	9	0	1	69	120	4
2690	2706	4	4	1	2	48	127	28
2694	2698	4	4	0	0	55	127	28
2694	2710	2	2	1	2	55	120	0
2698	2706	4	4	1	1	60	127	28
2698	2702	8	9	1	1	69	120	4
2698	2714	2	2	1	2	60	120	0
2706	2708	8	9	0	1	69	120	4
2706	2714	4	4	0	1	55	127	28
2710	2712	8	9	0	0	69	120	4
2714	2786	1	1	3	9	60	120	0
2716	2786	1	1	3	8	67	120	0
2718	2786	1	1	3	8	70	120	0
2720	2786	1	1	3	8	74	120	0
