-------------0-------------
FF 51 03 05 F1 EA 
FF 58 04 03 02 18 08 
FF 51 03 05 F1 EA 
FF 58 04 03 02 18 08 
FF 51 03 05 F1 EA 
FF 51 03 05 F1 EA 
FF 58 04 03 02 18 08 
FF 51 03 05 F1 EA 
FF 51 03 05 F1 EA 
FF 2F 00 
-------------1-------------
B1 00 02 
FF 01 05 73 74 61 72 74 
C1 00 
91 4F 78 
81 4F 78 
91 57 78 
91 57 78 
81 57 78 
91 59 78 
81 57 78 
81 59 78 
91 5B 78 
91 56 78 
81 5B 78 
91 5E 78 
81 56 78 
91 54 78 
81 5E 78 
91 54 78 
81 54 78 
81 54 78 
91 56 78 
81 56 78 
91 57 78 
81 57 78 
91 52 78 
81 52 78 
91 5B 78 
81 5B 78 
91 50 78 
81 50 78 
91 50 78 
81 50 78 
91 52 78 
81 52 78 
91 54 78 
81 54 78 
91 56 78 
81 56 78 
91 54 78 
91 52 78 
81 54 78 
91 4F 78 
81 52 78 
91 4D 78 
81 4F 78 
91 4F 78 
81 4D 78 
81 4F 78 
91 4F 78 
91 57 78 
81 4F 78 
81 57 78 
91 57 78 
81 57 78 
91 59 78 
81 59 78 
91 5B 78 
91 56 78 
81 5B 78 
81 56 78 
91 5E 78 
81 5E 78 
91 54 78 
91 54 78 
81 54 78 
91 56 78 
81 54 78 
91 57 78 
81 56 78 
91 52 78 
81 57 78 
91 5B 78 
81 52 78 
81 5B 78 
91 50 78 
81 50 78 
91 52 78 
81 52 78 
91 54 78 
81 54 78 
91 56 78 
81 56 78 
91 54 78 
91 52 78 
81 54 78 
91 54 78 
81 52 78 
81 54 78 
91 43 78 
81 43 78 
91 4B 78 
81 4B 78 
91 4B 78 
91 4D 78 
81 4B 78 
91 4F 78 
81 4D 78 
91 4A 78 
81 4F 78 
91 52 78 
81 4A 78 
81 52 78 
91 48 78 
91 48 78 
81 48 78 
91 4A 78 
81 48 78 
91 4B 78 
81 4A 78 
91 46 78 
81 4B 78 
91 4F 78 
81 46 78 
81 4F 78 
91 44 78 
91 44 78 
81 44 78 
91 46 78 
81 44 78 
81 46 78 
91 48 78 
81 48 78 
91 4A 78 
81 4A 78 
91 48 78 
81 48 78 
91 46 78 
81 46 78 
91 43 78 
81 43 78 
91 41 78 
81 41 78 
91 43 78 
91 43 78 
81 43 78 
81 43 78 
91 4B 78 
81 4B 78 
91 4B 78 
81 4B 78 
91 4D 78 
81 4D 78 
91 4F 78 
81 4F 78 
91 4A 78 
81 4A 78 
91 52 78 
81 52 78 
91 48 78 
81 48 78 
91 48 78 
91 4A 78 
81 48 78 
81 4A 78 
91 4B 78 
81 4B 78 
91 46 78 
81 46 78 
91 4F 78 
81 4F 78 
91 44 78 
91 46 78 
81 44 78 
91 48 78 
81 46 78 
91 4A 78 
81 48 78 
91 48 78 
81 4A 78 
81 48 78 
91 46 78 
91 48 78 
81 46 78 
91 46 78 
81 48 78 
91 48 78 
81 46 78 
81 48 78 
91 4B 78 
91 4B 78 
81 4B 78 
91 4D 78 
81 4B 78 
91 4F 78 
81 4D 78 
91 4A 78 
81 4F 78 
81 4A 78 
91 52 78 
81 52 78 
91 48 78 
81 48 78 
91 48 78 
91 4A 78 
81 48 78 
81 4A 78 
91 4B 78 
81 4B 78 
91 46 78 
91 4F 78 
81 46 78 
91 44 78 
81 4F 78 
91 44 78 
81 44 78 
91 46 78 
81 44 78 
91 48 78 
81 46 78 
91 4A 78 
81 48 78 
81 4A 78 
91 48 78 
91 46 78 
81 48 78 
81 46 78 
91 43 78 
91 41 78 
81 43 78 
81 41 78 
91 43 78 
91 43 78 
81 43 78 
91 4B 78 
81 43 78 
91 4B 78 
81 4B 78 
81 4B 78 
91 4D 78 
91 4F 78 
81 4D 78 
91 4A 78 
81 4F 78 
81 4A 78 
91 52 78 
81 52 78 
91 48 78 
91 48 78 
81 48 78 
91 4A 78 
81 48 78 
81 4A 78 
91 4B 78 
81 4B 78 
91 46 78 
81 46 78 
91 4F 78 
81 4F 78 
91 44 78 
91 46 78 
81 44 78 
91 48 78 
81 46 78 
91 4A 78 
81 48 78 
91 48 78 
81 4A 78 
81 48 78 
91 46 78 
81 46 78 
91 48 78 
81 48 78 
91 46 78 
91 48 78 
81 46 78 
81 48 78 
91 43 78 
81 43 78 
91 4B 78 
91 4B 78 
81 4B 78 
81 4B 78 
91 4D 78 
91 4F 78 
81 4D 78 
81 4F 78 
91 4A 78 
91 52 78 
81 4A 78 
91 48 78 
81 52 78 
81 48 78 
91 48 78 
91 4A 78 
81 48 78 
81 4A 78 
91 4B 78 
81 4B 78 
91 46 78 
91 4F 78 
81 46 78 
81 4F 78 
91 44 78 
91 44 78 
81 44 78 
91 46 78 
81 44 78 
81 46 78 
91 48 78 
81 48 78 
91 4A 78 
91 48 78 
81 4A 78 
91 46 78 
81 48 78 
81 46 78 
91 43 78 
81 43 78 
91 41 78 
81 41 78 
91 43 78 
81 43 78 
91 43 78 
91 4B 78 
81 43 78 
81 4B 78 
91 4B 78 
91 4D 78 
81 4B 78 
81 4D 78 
91 4F 78 
91 4A 78 
81 4F 78 
81 4A 78 
91 52 78 
91 48 78 
81 52 78 
91 48 78 
81 48 78 
91 4A 78 
81 48 78 
91 4B 78 
81 4A 78 
81 4B 78 
91 46 78 
91 4F 78 
81 46 78 
81 4F 78 
91 44 78 
91 46 78 
81 44 78 
81 46 78 
91 48 78 
91 4A 78 
81 48 78 
91 48 78 
81 4A 78 
91 46 78 
81 48 78 
91 48 78 
81 46 78 
91 46 78 
81 48 78 
81 46 78 
91 48 78 
81 48 78 
91 3C 78 
91 43 78 
91 46 78 
91 4A 78 
FF 01 03 65 6E 64 
81 4A 78 
81 46 78 
81 43 78 
81 3C 78 
FF 2F 00 
-------------2-------------
FF 01 05 73 74 61 72 74 
C2 00 
B2 00 02 
92 48 78 
82 48 78 
92 4B 78 
92 4F 78 
92 46 78 
82 4B 78 
82 4F 78 
82 46 78 
92 4A 78 
92 4D 78 
92 44 78 
82 4A 78 
82 4D 78 
92 4B 78 
82 44 78 
92 48 78 
82 4B 78 
92 43 78 
82 48 78 
92 4A 78 
92 46 78 
82 43 78 
92 41 78 
82 4A 78 
82 46 78 
92 48 78 
92 44 78 
82 41 78 
82 44 78 
82 48 78 
92 46 78 
92 4A 78 
82 46 78 
92 4D 78 
82 4A 78 
92 3F 78 
82 4D 78 
82 3F 78 
92 43 78 
92 46 78 
92 43 78 
82 46 78 
82 43 78 
82 43 78 
92 47 78 
92 4A 78 
82 47 78 
82 4A 78 
92 48 78 
82 48 78 
92 4B 78 
92 4F 78 
82 4B 78 
82 4F 78 
92 46 78 
82 46 78 
92 4A 78 
92 4D 78 
82 4A 78 
82 4D 78 
92 44 78 
92 48 78 
82 44 78 
92 4B 78 
92 43 78 
82 48 78 
82 4B 78 
92 4A 78 
92 46 78 
82 43 78 
82 4A 78 
92 41 78 
82 46 78 
92 44 78 
92 48 78 
82 41 78 
92 46 78 
82 48 78 
82 44 78 
92 4A 78 
92 4D 78 
82 46 78 
82 4D 78 
92 48 78 
82 4A 78 
92 43 78 
82 48 78 
82 43 78 
92 3F 78 
82 3F 78 
92 3C 78 
82 3C 78 
92 30 78 
92 37 78 
92 3F 78 
82 37 78 
82 3F 78 
92 2E 78 
82 30 78 
92 35 78 
92 3E 78 
82 35 78 
82 2E 78 
82 3E 78 
92 2C 78 
92 33 78 
92 3C 78 
82 33 78 
92 2B 78 
82 2C 78 
82 3C 78 
92 32 78 
92 3A 78 
82 32 78 
82 3A 78 
82 2B 78 
92 29 78 
92 30 78 
92 38 78 
82 30 78 
82 29 78 
82 38 78 
92 2E 78 
92 35 78 
92 3E 78 
82 35 78 
82 2E 78 
82 3E 78 
92 27 78 
92 2E 78 
92 37 78 
82 2E 78 
82 27 78 
92 2B 78 
82 37 78 
92 32 78 
92 3B 78 
82 32 78 
92 30 78 
82 3B 78 
82 2B 78 
92 37 78 
92 3F 78 
82 37 78 
82 30 78 
82 3F 78 
92 2E 78 
92 35 78 
92 3E 78 
82 35 78 
82 2E 78 
82 3E 78 
92 2C 78 
92 33 78 
92 3C 78 
82 33 78 
92 2B 78 
82 3C 78 
82 2C 78 
92 32 78 
92 3A 78 
82 32 78 
82 3A 78 
92 29 78 
82 2B 78 
92 30 78 
92 35 78 
82 30 78 
82 29 78 
92 2B 78 
82 35 78 
92 32 78 
92 3A 78 
82 32 78 
92 2C 78 
82 3A 78 
82 2B 78 
92 33 78 
92 3C 78 
82 33 78 
82 2C 78 
92 2E 78 
82 2E 78 
82 3C 78 
92 30 78 
92 37 78 
92 3C 78 
82 30 78 
82 37 78 
82 3C 78 
92 30 78 
92 37 78 
92 3F 78 
82 37 78 
92 2E 78 
82 3F 78 
82 30 78 
92 35 78 
92 3E 78 
82 35 78 
82 2E 78 
82 3E 78 
92 2C 78 
92 33 78 
92 3C 78 
82 33 78 
92 2B 78 
82 3C 78 
82 2C 78 
92 32 78 
92 3A 78 
82 32 78 
92 29 78 
82 3A 78 
82 2B 78 
92 30 78 
92 38 78 
82 30 78 
82 38 78 
82 29 78 
92 2E 78 
92 35 78 
92 3E 78 
82 35 78 
82 2E 78 
82 3E 78 
92 27 78 
92 2E 78 
92 37 78 
82 2E 78 
82 27 78 
82 37 78 
92 2B 78 
92 32 78 
92 3B 78 
82 32 78 
92 30 78 
82 3B 78 
82 2B 78 
92 37 78 
92 3F 78 
82 37 78 
82 30 78 
92 2E 78 
82 3F 78 
92 35 78 
92 3E 78 
82 35 78 
82 2E 78 
82 3E 78 
92 2C 78 
92 33 78 
92 3C 78 
82 33 78 
82 3C 78 
82 2C 78 
92 2B 78 
92 32 78 
92 3A 78 
82 32 78 
92 29 78 
82 3A 78 
82 2B 78 
92 30 78 
92 35 78 
82 30 78 
92 2B 78 
82 35 78 
82 29 78 
92 32 78 
92 3A 78 
82 32 78 
82 2B 78 
92 2C 78 
82 3A 78 
92 33 78 
92 3C 78 
82 33 78 
92 2E 78 
82 2C 78 
92 30 78 
82 3C 78 
82 2E 78 
92 37 78 
92 3C 78 
82 30 78 
82 37 78 
82 3C 78 
92 30 78 
92 37 78 
92 3F 78 
82 37 78 
82 30 78 
82 3F 78 
92 2E 78 
92 35 78 
92 3E 78 
82 35 78 
92 2C 78 
82 2E 78 
82 3E 78 
92 33 78 
92 3C 78 
82 33 78 
92 2B 78 
82 3C 78 
82 2C 78 
92 32 78 
92 3A 78 
82 32 78 
92 29 78 
82 3A 78 
82 2B 78 
92 30 78 
92 38 78 
82 30 78 
82 29 78 
82 38 78 
92 2E 78 
92 35 78 
92 3E 78 
82 35 78 
92 27 78 
82 3E 78 
82 2E 78 
92 2E 78 
92 37 78 
82 2E 78 
82 27 78 
82 37 78 
92 2B 78 
92 32 78 
92 3B 78 
82 32 78 
92 30 78 
82 3B 78 
82 2B 78 
92 37 78 
92 3F 78 
82 37 78 
82 30 78 
82 3F 78 
92 2E 78 
92 35 78 
92 3E 78 
82 35 78 
82 2E 78 
82 3E 78 
92 2C 78 
92 33 78 
92 3C 78 
82 33 78 
82 2C 78 
82 3C 78 
92 2B 78 
92 32 78 
92 3A 78 
82 32 78 
82 2B 78 
92 29 78 
82 3A 78 
92 30 78 
92 35 78 
82 30 78 
82 35 78 
92 2B 78 
82 29 78 
92 32 78 
92 3A 78 
82 32 78 
92 2C 78 
82 3A 78 
82 2B 78 
92 33 78 
92 3C 78 
82 33 78 
92 2E 78 
82 2C 78 
82 3C 78 
82 2E 78 
92 30 78 
92 37 78 
92 3C 78 
82 30 78 
82 37 78 
82 3C 78 
FF 01 03 65 6E 64 
FF 2F 00 
-------------3-------------
B3 00 01 
C3 30 
FF 01 05 73 74 61 72 74 
93 30 7D 
83 30 78 
93 2E 7D 
93 2C 7D 
83 2E 78 
83 2C 78 
93 2B 7D 
93 29 7D 
83 2B 78 
83 29 78 
93 2E 7D 
93 27 7D 
83 2E 78 
83 27 78 
93 2B 7D 
93 30 7D 
83 2B 78 
83 30 78 
93 2E 7D 
83 2E 78 
93 2C 7D 
93 2B 7D 
83 2C 78 
83 2B 78 
93 29 7D 
93 2B 7D 
83 29 78 
93 2C 7D 
83 2B 78 
93 2E 7D 
83 2C 78 
93 30 7D 
83 2E 78 
83 30 78 
93 30 7D 
93 2E 7D 
83 30 78 
93 2C 7D 
83 2E 78 
93 2B 7D 
83 2C 78 
93 29 7D 
83 2B 78 
93 2E 7D 
83 29 78 
93 27 7D 
83 2E 78 
93 2B 7D 
83 27 78 
93 30 7D 
83 2B 78 
93 2E 7D 
83 30 78 
93 2C 7D 
83 2E 78 
83 2C 78 
93 2B 7D 
93 29 7D 
83 2B 78 
93 2B 7D 
83 29 78 
93 2C 7D 
83 2B 78 
83 2C 78 
93 2E 7D 
83 2E 78 
93 30 7D 
83 30 78 
93 37 7D 
93 3E 7D 
93 43 7D 
83 37 78 
83 43 78 
93 30 7D 
93 4B 7D 
83 3E 78 
93 3C 7D 
93 3C 7D 
93 4B 7D 
83 4B 78 
83 3C 78 
83 3C 78 
83 4B 78 
93 3E 7D 
93 4D 7D 
93 4F 7D 
83 3E 78 
83 4D 78 
93 3F 7D 
93 2E 7D 
83 30 78 
83 4F 78 
83 3F 78 
93 3A 7D 
93 4A 7D 
93 41 7D 
83 3A 78 
83 4A 78 
93 52 7D 
83 2E 78 
83 41 78 
83 52 78 
93 2C 7D 
93 38 7D 
93 48 7D 
83 48 78 
83 38 78 
93 38 7D 
93 48 7D 
93 4A 7D 
93 3A 7D 
83 38 78 
83 48 78 
93 4B 7D 
93 3C 7D 
83 3A 78 
83 4A 78 
83 4B 78 
93 46 7D 
93 2B 7D 
83 2C 78 
83 3C 78 
93 37 7D 
83 46 78 
93 4F 7D 
93 3E 7D 
83 37 78 
93 44 7D 
93 35 7D 
93 29 7D 
83 4F 78 
83 3E 78 
83 2B 78 
93 35 7D 
93 44 7D 
83 35 78 
83 44 78 
93 46 7D 
83 44 78 
83 35 78 
93 37 7D 
83 37 78 
83 46 78 
93 38 7D 
93 48 7D 
83 48 78 
93 2E 7D 
93 3A 7D 
83 38 78 
83 29 78 
93 4A 7D 
83 4A 78 
83 3A 78 
93 3C 7D 
93 48 7D 
93 3A 7D 
93 46 7D 
83 3C 78 
83 48 78 
93 33 7D 
83 2E 78 
83 3A 78 
83 46 78 
93 27 7D 
93 43 7D 
93 41 7D 
83 43 78 
83 33 78 
93 33 7D 
83 33 78 
93 37 7D 
93 43 7D 
93 2B 7D 
83 41 78 
83 27 78 
93 37 7D 
83 37 78 
83 43 78 
93 43 7D 
83 2B 78 
83 37 78 
83 43 78 
93 30 7D 
93 3C 7D 
93 4B 7D 
83 4B 78 
83 3C 78 
93 3C 7D 
93 4B 7D 
93 4D 7D 
93 3E 7D 
83 3C 78 
83 4B 78 
83 3E 78 
83 4D 78 
93 3F 7D 
93 4F 7D 
83 30 78 
83 3F 78 
83 4F 78 
93 2E 7D 
93 3A 7D 
93 4A 7D 
93 41 7D 
83 3A 78 
83 4A 78 
93 52 7D 
93 38 7D 
93 2C 7D 
83 52 78 
83 41 78 
83 2E 78 
93 48 7D 
93 38 7D 
93 48 7D 
83 38 78 
83 48 78 
83 48 78 
83 38 78 
93 3A 7D 
93 4A 7D 
83 3A 78 
83 4A 78 
93 3C 7D 
93 4B 7D 
83 2C 78 
83 3C 78 
83 4B 78 
93 2B 7D 
93 37 7D 
93 46 7D 
83 46 78 
83 37 78 
93 3E 7D 
93 4F 7D 
83 2B 78 
83 3E 78 
83 4F 78 
93 29 7D 
93 35 7D 
93 44 7D 
83 44 78 
83 35 78 
93 37 7D 
93 46 7D 
93 38 7D 
83 37 78 
83 46 78 
93 48 7D 
93 4A 7D 
83 29 78 
83 38 78 
83 48 78 
93 2B 7D 
93 3A 7D 
83 4A 78 
83 3A 78 
93 3C 7D 
93 48 7D 
83 48 78 
83 3C 78 
93 3E 7D 
93 46 7D 
93 48 7D 
83 2B 78 
93 3F 7D 
83 3E 78 
93 2C 7D 
83 46 78 
83 48 78 
83 3F 78 
83 2C 78 
93 2E 7D 
93 46 7D 
93 3E 7D 
93 3C 7D 
93 48 7D 
93 30 7D 
83 46 78 
83 3E 78 
83 2E 78 
93 43 7D 
93 37 7D 
83 3C 78 
83 48 78 
83 43 78 
83 30 78 
93 4B 7D 
93 30 7D 
83 37 78 
93 3C 7D 
83 3C 78 
93 4B 7D 
93 3C 7D 
83 4B 78 
93 4D 7D 
93 3E 7D 
83 3C 78 
83 4B 78 
83 4D 78 
93 4F 7D 
93 3F 7D 
83 3E 78 
93 2E 7D 
83 30 78 
83 3F 78 
83 4F 78 
93 3A 7D 
93 4A 7D 
93 52 7D 
93 41 7D 
83 3A 78 
83 4A 78 
83 41 78 
93 48 7D 
93 38 7D 
93 2C 7D 
83 52 78 
83 2E 78 
83 48 78 
93 48 7D 
93 38 7D 
83 38 78 
93 3A 7D 
93 4A 7D 
83 38 78 
83 48 78 
83 4A 78 
93 4B 7D 
93 3C 7D 
83 3A 78 
83 2C 78 
83 3C 78 
93 46 7D 
93 37 7D 
93 2B 7D 
83 4B 78 
93 4F 7D 
93 3E 7D 
83 37 78 
83 46 78 
83 4F 78 
83 3E 78 
93 29 7D 
83 2B 78 
93 35 7D 
93 44 7D 
83 44 78 
83 35 78 
93 44 7D 
93 35 7D 
93 46 7D 
83 35 78 
83 44 78 
93 37 7D 
93 38 7D 
83 37 78 
93 48 7D 
83 46 78 
93 4A 7D 
93 3A 7D 
93 2E 7D 
83 48 78 
83 38 78 
83 29 78 
83 3A 78 
83 4A 78 
93 38 7D 
93 48 7D 
93 46 7D 
93 37 7D 
83 38 78 
83 48 78 
83 2E 78 
93 33 7D 
93 43 7D 
93 27 7D 
83 37 78 
83 46 78 
83 43 78 
83 33 78 
93 35 7D 
93 41 7D 
83 27 78 
83 35 78 
93 2B 7D 
83 41 78 
93 37 7D 
93 43 7D 
93 37 7D 
83 43 78 
83 37 78 
93 43 7D 
83 37 78 
83 2B 78 
93 30 7D 
93 3C 7D 
93 4B 7D 
83 43 78 
83 4B 78 
83 3C 78 
93 3C 7D 
93 4B 7D 
83 4B 78 
83 3C 78 
93 3E 7D 
93 4D 7D 
83 4D 78 
83 3E 78 
93 3F 7D 
93 4F 7D 
83 3F 78 
83 30 78 
83 4F 78 
93 2E 7D 
93 3A 7D 
93 4A 7D 
83 4A 78 
83 3A 78 
93 52 7D 
93 41 7D 
83 2E 78 
83 41 78 
83 52 78 
93 2C 7D 
93 38 7D 
93 48 7D 
93 48 7D 
93 38 7D 
83 38 78 
83 48 78 
83 48 78 
83 38 78 
93 3A 7D 
93 4A 7D 
93 4B 7D 
93 3C 7D 
83 3A 78 
83 4A 78 
83 2C 78 
83 3C 78 
93 46 7D 
83 4B 78 
93 2B 7D 
93 37 7D 
83 46 78 
83 37 78 
93 3E 7D 
93 4F 7D 
83 2B 78 
83 3E 78 
83 4F 78 
93 29 7D 
93 35 7D 
93 44 7D 
93 46 7D 
93 37 7D 
83 35 78 
83 44 78 
83 46 78 
83 37 78 
93 38 7D 
93 48 7D 
83 29 78 
83 38 78 
83 48 78 
93 2B 7D 
93 3A 7D 
93 4A 7D 
83 4A 78 
83 3A 78 
93 3C 7D 
93 48 7D 
93 3E 7D 
83 3C 78 
83 48 78 
93 46 7D 
93 48 7D 
93 3F 7D 
93 2C 7D 
83 46 78 
83 3E 78 
83 2B 78 
83 3F 78 
83 2C 78 
83 48 78 
93 2E 7D 
93 3E 7D 
93 46 7D 
93 48 7D 
93 3C 7D 
93 30 7D 
83 46 78 
83 2E 78 
83 3E 78 
83 3C 78 
83 48 78 
FF 01 03 65 6E 64 
83 30 78 
FF 2F 00 
-------------4-------------
B4 00 01 
C4 1C 
FF 01 05 73 74 61 72 74 
94 43 7F 
84 43 78 
94 30 7F 
94 4B 7F 
94 37 7F 
94 4B 7F 
84 37 78 
84 4B 78 
94 3C 7F 
84 4B 78 
94 4D 7F 
94 4F 7F 
84 30 78 
84 3C 78 
84 4D 78 
94 37 7F 
94 4A 7F 
84 37 78 
84 4F 78 
94 2E 7F 
94 35 7F 
84 35 78 
94 52 7F 
84 4A 78 
94 3E 7F 
94 35 7F 
84 3E 78 
84 2E 78 
84 35 78 
84 52 78 
94 48 7F 
94 2C 7F 
94 33 7F 
84 33 78 
84 48 78 
94 3C 7F 
94 48 7F 
94 4A 7F 
84 48 78 
94 33 7F 
94 4B 7F 
84 4A 78 
84 3C 78 
84 2C 78 
94 2B 7F 
84 33 78 
84 4B 78 
94 46 7F 
94 32 7F 
84 46 78 
94 4F 7F 
94 3A 7F 
84 32 78 
94 32 7F 
84 3A 78 
84 2B 78 
84 32 78 
84 4F 78 
94 29 7F 
94 44 7F 
94 30 7F 
84 30 78 
84 44 78 
94 38 7F 
94 44 7F 
94 46 7F 
84 44 78 
94 48 7F 
84 29 78 
84 38 78 
84 46 78 
94 30 7F 
84 30 78 
94 2E 7F 
84 48 78 
94 4A 7F 
94 35 7F 
84 4A 78 
84 35 78 
94 48 7F 
94 3E 7F 
94 46 7F 
84 48 78 
94 35 7F 
84 2E 78 
84 3E 78 
94 43 7F 
84 46 78 
84 35 78 
94 27 7F 
94 2E 7F 
84 2E 78 
94 37 7F 
84 37 78 
84 43 78 
94 2E 7F 
94 41 7F 
84 27 78 
94 43 7F 
84 2E 78 
94 2B 7F 
84 41 78 
94 32 7F 
84 32 78 
94 3B 7F 
94 43 7F 
84 2B 78 
84 3B 78 
84 43 78 
94 37 7F 
84 37 78 
94 4B 7F 
84 43 78 
94 30 7F 
94 37 7F 
84 4B 78 
94 3C 7F 
94 4B 7F 
84 37 78 
84 4B 78 
94 4D 7F 
94 4F 7F 
84 30 78 
84 3C 78 
84 4D 78 
94 37 7F 
84 4F 78 
94 4A 7F 
94 2E 7F 
84 37 78 
94 35 7F 
84 35 78 
84 4A 78 
94 3E 7F 
94 52 7F 
94 35 7F 
84 3E 78 
84 2E 78 
94 2C 7F 
84 35 78 
84 52 78 
94 48 7F 
94 33 7F 
94 48 7F 
94 3C 7F 
84 48 78 
84 33 78 
94 4A 7F 
84 48 78 
84 3C 78 
94 33 7F 
84 4A 78 
94 4B 7F 
84 2C 78 
94 2B 7F 
84 33 78 
84 4B 78 
94 46 7F 
94 32 7F 
94 3A 7F 
84 46 78 
94 4F 7F 
84 32 78 
84 2B 78 
84 3A 78 
94 32 7F 
94 29 7F 
84 32 78 
84 4F 78 
94 44 7F 
94 30 7F 
94 38 7F 
84 44 78 
94 46 7F 
84 30 78 
84 38 78 
84 46 78 
84 29 78 
94 48 7F 
94 30 7F 
84 30 78 
84 48 78 
94 4A 7F 
94 2B 7F 
94 32 7F 
94 3A 7F 
94 48 7F 
84 4A 78 
84 32 78 
94 46 7F 
84 48 78 
84 3A 78 
84 2B 78 
94 32 7F 
94 2C 7F 
94 48 7F 
84 46 78 
84 32 78 
94 33 7F 
94 3C 7F 
84 33 78 
84 2C 78 
84 3C 78 
84 48 78 
94 2E 7F 
94 46 7F 
94 48 7F 
84 2E 78 
84 46 78 
94 30 7F 
94 37 7F 
94 3C 7F 
84 37 78 
84 3C 78 
84 48 78 
94 37 7F 
94 43 7F 
84 30 78 
84 37 78 
84 43 78 
94 30 7F 
94 4B 7F 
94 37 7F 
84 37 78 
84 4B 78 
94 3C 7F 
94 4B 7F 
84 4B 78 
94 4D 7F 
94 37 7F 
94 4F 7F 
84 4D 78 
84 3C 78 
84 30 78 
94 2E 7F 
84 37 78 
84 4F 78 
94 4A 7F 
94 35 7F 
94 3E 7F 
94 52 7F 
84 4A 78 
84 35 78 
84 3E 78 
94 35 7F 
84 2E 78 
94 2C 7F 
94 48 7F 
84 52 78 
84 35 78 
94 33 7F 
84 33 78 
84 48 78 
94 3C 7F 
94 48 7F 
84 48 78 
94 4A 7F 
84 2C 78 
94 4B 7F 
94 33 7F 
84 4A 78 
84 3C 78 
94 46 7F 
94 2B 7F 
84 33 78 
84 4B 78 
94 32 7F 
84 32 78 
84 46 78 
94 3A 7F 
94 4F 7F 
94 32 7F 
84 2B 78 
84 3A 78 
84 32 78 
84 4F 78 
94 29 7F 
94 44 7F 
94 30 7F 
94 44 7F 
94 38 7F 
84 44 78 
84 30 78 
94 46 7F 
84 44 78 
94 48 7F 
84 29 78 
84 38 78 
94 30 7F 
84 46 78 
94 2E 7F 
84 30 78 
84 48 78 
94 4A 7F 
94 35 7F 
94 3E 7F 
84 4A 78 
84 35 78 
94 48 7F 
84 2E 78 
84 3E 78 
84 48 78 
94 35 7F 
94 46 7F 
94 43 7F 
84 46 78 
84 35 78 
94 27 7F 
94 2E 7F 
84 2E 78 
94 37 7F 
94 41 7F 
94 2E 7F 
84 43 78 
84 37 78 
84 27 78 
84 2E 78 
94 2B 7F 
94 43 7F 
84 41 78 
94 32 7F 
84 32 78 
94 3B 7F 
94 37 7F 
94 43 7F 
84 43 78 
84 2B 78 
84 3B 78 
94 30 7F 
94 4B 7F 
84 43 78 
84 37 78 
94 37 7F 
94 3C 7F 
84 4B 78 
94 4B 7F 
84 37 78 
84 4B 78 
94 4D 7F 
94 37 7F 
84 30 78 
84 4D 78 
94 4F 7F 
84 3C 78 
94 4A 7F 
94 2E 7F 
84 4F 78 
84 37 78 
94 35 7F 
84 35 78 
94 3E 7F 
94 52 7F 
84 4A 78 
94 35 7F 
84 3E 78 
84 2E 78 
94 2C 7F 
84 35 78 
84 52 78 
94 48 7F 
94 33 7F 
84 48 78 
94 3C 7F 
94 48 7F 
84 33 78 
84 48 78 
94 4A 7F 
94 33 7F 
94 4B 7F 
84 4A 78 
84 2C 78 
84 3C 78 
94 46 7F 
84 33 78 
94 2B 7F 
84 4B 78 
94 32 7F 
94 4F 7F 
94 3A 7F 
84 46 78 
84 32 78 
84 2B 78 
84 3A 78 
94 32 7F 
94 29 7F 
84 32 78 
84 4F 78 
94 44 7F 
94 30 7F 
84 30 78 
84 44 78 
94 38 7F 
94 46 7F 
84 29 78 
84 38 78 
94 48 7F 
94 30 7F 
84 46 78 
94 4A 7F 
84 48 78 
94 2B 7F 
84 30 78 
94 32 7F 
84 32 78 
84 4A 78 
94 3A 7F 
94 48 7F 
84 2B 78 
84 3A 78 
84 48 78 
94 32 7F 
94 46 7F 
84 46 78 
84 32 78 
94 2C 7F 
94 48 7F 
94 33 7F 
84 33 78 
94 3C 7F 
94 46 7F 
84 2C 78 
84 3C 78 
84 48 78 
94 2E 7F 
84 46 78 
84 2E 78 
94 48 7F 
94 30 7F 
94 37 7F 
84 37 78 
94 3C 7F 
94 37 7F 
84 3C 78 
84 30 78 
84 48 78 
84 37 78 
94 29 7F 
94 30 7F 
94 38 7F 
84 30 78 
94 30 7F 
84 38 78 
84 29 78 
94 2E 7F 
84 30 78 
94 35 7F 
84 35 78 
94 3A 7F 
84 3A 78 
94 35 7F 
84 2E 78 
94 27 7F 
84 35 78 
94 2E 7F 
84 2E 78 
94 37 7F 
84 27 78 
84 37 78 
94 2E 7F 
84 2E 78 
94 2C 7F 
94 33 7F 
94 3C 7F 
84 33 78 
84 3C 78 
94 33 7F 
84 2C 78 
84 33 78 
94 25 7F 
94 2C 7F 
84 2C 78 
94 35 7F 
84 25 78 
84 35 78 
94 2C 7F 
84 2C 78 
94 2B 7F 
94 32 7F 
94 3B 7F 
84 32 78 
94 32 7F 
84 3B 78 
84 2B 78 
94 24 7F 
84 32 78 
94 2B 7F 
84 2B 78 
94 33 7F 
84 24 78 
84 33 78 
94 2B 7F 
84 2B 78 
94 24 7F 
94 2B 7F 
84 2B 78 
94 33 7F 
94 2B 7F 
84 33 78 
84 24 78 
84 2B 78 
94 25 7F 
94 2C 7F 
84 2C 78 
94 35 7F 
84 25 78 
84 35 78 
94 2C 7F 
84 2C 78 
94 27 7F 
94 2E 7F 
84 2E 78 
94 37 7F 
84 27 78 
84 37 78 
94 2E 7F 
84 2E 78 
94 24 7F 
94 2B 7F 
94 33 7F 
84 2B 78 
84 24 78 
84 33 78 
94 2B 7F 
84 2B 78 
94 29 7F 
94 30 7F 
94 38 7F 
84 30 78 
94 30 7F 
84 38 78 
84 29 78 
94 2A 7F 
84 30 78 
94 31 7F 
84 31 78 
94 3A 7F 
84 2A 78 
84 3A 78 
94 31 7F 
84 31 78 
94 2B 7F 
94 31 7F 
84 31 78 
94 37 7F 
94 31 7F 
84 2B 78 
84 37 78 
84 31 78 
94 2B 7F 
94 32 7F 
94 3B 7F 
84 32 78 
94 2B 7F 
84 3B 78 
84 2B 78 
94 37 7F 
84 2B 78 
84 37 78 
94 30 7F 
94 4B 7F 
94 37 7F 
84 37 78 
94 4B 7F 
94 3C 7F 
84 4B 78 
84 4B 78 
94 4D 7F 
84 4D 78 
94 4F 7F 
94 37 7F 
84 30 78 
84 3C 78 
94 4A 7F 
84 37 78 
84 4F 78 
94 2E 7F 
94 35 7F 
94 3E 7F 
94 52 7F 
84 4A 78 
84 35 78 
84 2E 78 
94 35 7F 
84 3E 78 
84 52 78 
94 2C 7F 
94 48 7F 
84 35 78 
94 33 7F 
94 3C 7F 
84 33 78 
84 48 78 
94 48 7F 
84 48 78 
94 4A 7F 
94 4B 7F 
94 33 7F 
84 4A 78 
84 3C 78 
84 2C 78 
94 46 7F 
84 4B 78 
84 33 78 
94 2B 7F 
94 32 7F 
84 32 78 
84 46 78 
94 3A 7F 
94 4F 7F 
84 2B 78 
84 3A 78 
94 32 7F 
94 44 7F 
94 29 7F 
84 4F 78 
84 32 78 
94 30 7F 
84 30 78 
84 44 78 
94 38 7F 
94 44 7F 
84 44 78 
94 46 7F 
84 29 78 
94 48 7F 
94 30 7F 
84 46 78 
84 38 78 
94 2E 7F 
84 30 78 
84 48 78 
94 4A 7F 
94 35 7F 
94 48 7F 
84 35 78 
84 4A 78 
94 3E 7F 
94 46 7F 
94 35 7F 
84 48 78 
84 2E 78 
84 3E 78 
84 46 78 
94 43 7F 
84 35 78 
94 27 7F 
94 2E 7F 
94 37 7F 
84 2E 78 
84 27 78 
84 37 78 
84 43 78 
94 2E 7F 
94 41 7F 
94 2B 7F 
84 2E 78 
84 41 78 
94 43 7F 
94 32 7F 
94 3B 7F 
84 32 78 
84 2B 78 
84 3B 78 
84 43 78 
94 37 7F 
94 43 7F 
94 4B 7F 
84 37 78 
94 30 7F 
84 43 78 
94 37 7F 
94 3C 7F 
84 37 78 
84 4B 78 
94 4B 7F 
94 4D 7F 
84 4B 78 
94 4F 7F 
94 37 7F 
84 4D 78 
84 3C 78 
84 30 78 
94 4A 7F 
94 2E 7F 
84 4F 78 
84 37 78 
94 35 7F 
84 35 78 
94 52 7F 
94 3E 7F 
84 4A 78 
94 35 7F 
84 2E 78 
84 3E 78 
94 2C 7F 
84 35 78 
84 52 78 
94 48 7F 
94 33 7F 
84 33 78 
84 48 78 
94 3C 7F 
94 48 7F 
84 48 78 
94 4A 7F 
84 4A 78 
94 33 7F 
94 4B 7F 
84 2C 78 
84 3C 78 
84 33 78 
84 4B 78 
94 46 7F 
94 2B 7F 
94 32 7F 
84 32 78 
94 4F 7F 
94 3A 7F 
84 46 78 
94 32 7F 
84 3A 78 
84 2B 78 
84 32 78 
84 4F 78 
94 44 7F 
94 29 7F 
94 30 7F 
84 30 78 
84 44 78 
94 38 7F 
94 44 7F 
84 44 78 
94 46 7F 
94 48 7F 
94 30 7F 
84 46 78 
84 38 78 
84 29 78 
94 2B 7F 
84 30 78 
84 48 78 
94 4A 7F 
94 32 7F 
94 3A 7F 
84 32 78 
84 4A 78 
94 48 7F 
84 2B 78 
84 3A 78 
84 48 78 
94 32 7F 
94 46 7F 
94 2C 7F 
84 32 78 
84 46 78 
94 48 7F 
94 33 7F 
94 3C 7F 
84 33 78 
94 46 7F 
94 2E 7F 
84 48 78 
84 3C 78 
84 2C 78 
84 46 78 
94 30 7F 
84 2E 78 
94 48 7F 
94 37 7F 
84 37 78 
94 3C 7F 
94 43 7F 
84 48 78 
94 37 7F 
84 3C 78 
84 30 78 
84 37 78 
84 43 78 
94 4B 7F 
94 30 7F 
94 37 7F 
84 37 78 
84 4B 78 
94 3C 7F 
94 4B 7F 
94 4D 7F 
84 4B 78 
94 4F 7F 
94 37 7F 
84 4D 78 
84 3C 78 
84 30 78 
84 37 78 
94 4A 7F 
94 2E 7F 
84 4F 78 
94 35 7F 
84 4A 78 
94 3E 7F 
94 52 7F 
84 35 78 
84 3E 78 
84 2E 78 
94 35 7F 
94 48 7F 
94 2C 7F 
84 52 78 
84 35 78 
94 33 7F 
84 48 78 
84 33 78 
94 3C 7F 
94 48 7F 
84 48 78 
94 4A 7F 
84 3C 78 
94 4B 7F 
94 33 7F 
84 4A 78 
84 2C 78 
84 33 78 
94 2B 7F 
84 4B 78 
94 46 7F 
94 32 7F 
84 32 78 
84 46 78 
94 3A 7F 
94 4F 7F 
84 2B 78 
84 3A 78 
94 32 7F 
84 32 78 
84 4F 78 
94 29 7F 
94 44 7F 
94 30 7F 
84 44 78 
84 30 78 
94 38 7F 
94 44 7F 
84 44 78 
94 46 7F 
94 30 7F 
84 29 78 
84 38 78 
84 46 78 
94 48 7F 
94 2E 7F 
94 4A 7F 
84 48 78 
84 30 78 
94 35 7F 
94 3E 7F 
84 4A 78 
84 35 78 
94 48 7F 
94 35 7F 
84 3E 78 
84 2E 78 
94 46 7F 
84 48 78 
94 43 7F 
84 46 78 
84 35 78 
94 27 7F 
94 2E 7F 
84 2E 78 
94 37 7F 
84 27 78 
84 37 78 
84 43 78 
94 2E 7F 
94 41 7F 
94 43 7F 
94 2B 7F 
84 2E 78 
84 41 78 
94 32 7F 
84 32 78 
94 3B 7F 
84 3B 78 
84 2B 78 
84 43 78 
94 37 7F 
94 43 7F 
94 4B 7F 
94 30 7F 
84 43 78 
84 37 78 
94 37 7F 
94 3C 7F 
84 37 78 
94 4B 7F 
84 4B 78 
94 4D 7F 
84 4B 78 
84 30 78 
84 3C 78 
84 4D 78 
94 4F 7F 
94 37 7F 
84 37 78 
84 4F 78 
94 2E 7F 
94 4A 7F 
94 35 7F 
94 52 7F 
94 3E 7F 
84 4A 78 
84 35 78 
84 3E 78 
84 2E 78 
94 35 7F 
94 48 7F 
84 52 78 
84 35 78 
94 2C 7F 
94 33 7F 
84 33 78 
94 48 7F 
94 3C 7F 
84 48 78 
94 4A 7F 
84 48 78 
94 4B 7F 
94 33 7F 
84 2C 78 
84 3C 78 
84 4A 78 
94 46 7F 
94 2B 7F 
84 4B 78 
84 33 78 
94 32 7F 
84 46 78 
94 3A 7F 
94 4F 7F 
84 32 78 
84 2B 78 
94 32 7F 
84 3A 78 
94 44 7F 
94 29 7F 
84 32 78 
84 4F 78 
94 30 7F 
84 30 78 
84 44 78 
94 38 7F 
94 44 7F 
94 46 7F 
84 44 78 
94 48 7F 
94 30 7F 
84 46 78 
84 38 78 
84 29 78 
94 2B 7F 
84 30 78 
84 48 78 
94 4A 7F 
94 32 7F 
94 48 7F 
94 3A 7F 
84 4A 78 
84 32 78 
94 46 7F 
84 2B 78 
84 3A 78 
84 48 78 
94 32 7F 
94 2C 7F 
84 32 78 
84 46 78 
94 48 7F 
94 33 7F 
84 33 78 
94 3C 7F 
84 2C 78 
84 3C 78 
84 48 78 
94 2E 7F 
94 46 7F 
84 2E 78 
84 46 78 
94 30 7F 
94 48 7F 
94 37 7F 
84 37 78 
94 3C 7F 
84 30 78 
84 3C 78 
84 48 78 
94 37 7F 
FF 01 03 65 6E 64 
84 37 78 
FF 2F 00 
-------------5-------------
FF 01 05 73 74 61 72 74 
C5 0D 
B5 00 01 
95 4F 78 
85 4F 78 
95 57 78 
95 57 78 
85 57 78 
85 57 78 
95 59 78 
95 5B 78 
85 59 78 
85 5B 78 
95 56 78 
95 5E 78 
85 56 78 
95 54 78 
85 5E 78 
85 54 78 
95 54 78 
95 56 78 
85 54 78 
85 56 78 
95 57 78 
85 57 78 
95 52 78 
85 52 78 
95 5B 78 
95 50 78 
85 5B 78 
85 50 78 
95 50 78 
85 50 78 
95 52 78 
95 54 78 
85 52 78 
85 54 78 
95 56 78 
95 54 78 
85 56 78 
85 54 78 
95 52 78 
85 52 78 
95 4F 78 
95 4D 78 
85 4F 78 
85 4D 78 
95 4F 78 
95 4F 78 
85 4F 78 
95 57 78 
85 4F 78 
95 57 78 
85 57 78 
95 59 78 
85 57 78 
95 5B 78 
85 59 78 
85 5B 78 
95 56 78 
85 56 78 
95 5E 78 
95 54 78 
85 5E 78 
85 54 78 
95 54 78 
95 56 78 
85 54 78 
95 57 78 
85 56 78 
85 57 78 
95 52 78 
85 52 78 
95 5B 78 
85 5B 78 
95 50 78 
95 52 78 
85 50 78 
95 54 78 
85 52 78 
95 56 78 
85 54 78 
95 54 78 
85 56 78 
85 54 78 
95 52 78 
95 54 78 
85 52 78 
95 52 78 
85 54 78 
95 54 78 
85 52 78 
85 54 78 
95 4F 78 
85 4F 78 
95 57 78 
85 57 78 
95 57 78 
85 57 78 
95 59 78 
95 5B 78 
85 59 78 
95 56 78 
85 5B 78 
95 5E 78 
85 56 78 
85 5E 78 
95 54 78 
95 54 78 
85 54 78 
95 56 78 
85 54 78 
85 56 78 
95 57 78 
95 52 78 
85 57 78 
95 5B 78 
85 52 78 
95 50 78 
85 5B 78 
85 50 78 
95 50 78 
95 52 78 
85 50 78 
95 54 78 
85 52 78 
95 56 78 
85 54 78 
95 54 78 
85 56 78 
95 52 78 
85 54 78 
85 52 78 
95 4F 78 
85 4F 78 
95 4D 78 
95 4F 78 
85 4D 78 
95 4F 78 
85 4F 78 
85 4F 78 
95 57 78 
95 57 78 
85 57 78 
85 57 78 
95 59 78 
85 59 78 
95 5B 78 
95 56 78 
85 5B 78 
95 5E 78 
85 56 78 
95 54 78 
85 5E 78 
85 54 78 
95 54 78 
95 56 78 
85 54 78 
85 56 78 
95 57 78 
95 52 78 
85 57 78 
95 5B 78 
85 52 78 
85 5B 78 
95 50 78 
85 50 78 
95 52 78 
95 54 78 
85 52 78 
85 54 78 
95 56 78 
95 54 78 
85 56 78 
95 52 78 
85 54 78 
95 54 78 
85 52 78 
85 54 78 
95 52 78 
85 52 78 
95 54 78 
85 54 78 
95 54 78 
85 54 78 
95 54 78 
85 54 78 
95 56 78 
85 56 78 
95 57 78 
85 57 78 
95 56 78 
85 56 78 
95 59 78 
85 59 78 
95 52 78 
85 52 78 
95 4F 78 
85 4F 78 
95 4F 78 
85 4F 78 
95 52 78 
85 52 78 
95 56 78 
85 56 78 
95 54 78 
95 54 78 
85 54 78 
95 55 78 
85 54 78 
85 55 78 
95 55 78 
85 55 78 
95 57 78 
85 57 78 
95 59 78 
85 59 78 
95 5B 78 
95 5C 78 
85 5B 78 
95 5B 78 
85 5C 78 
85 5B 78 
95 59 78 
85 59 78 
95 5B 78 
85 5B 78 
95 57 78 
85 57 78 
95 54 78 
85 54 78 
95 54 78 
95 55 78 
85 54 78 
85 55 78 
95 55 78 
85 55 78 
95 57 78 
85 57 78 
95 59 78 
85 59 78 
95 5B 78 
85 5B 78 
95 57 78 
85 57 78 
95 54 78 
95 54 78 
85 54 78 
95 57 78 
85 54 78 
85 57 78 
95 5B 78 
95 59 78 
85 5B 78 
95 59 78 
85 59 78 
85 59 78 
95 5A 78 
95 5A 78 
85 5A 78 
85 5A 78 
95 5C 78 
85 5C 78 
95 5E 78 
85 5E 78 
95 60 78 
95 5E 78 
85 60 78 
85 5E 78 
95 61 78 
85 61 78 
95 60 78 
95 5F 78 
85 60 78 
FF 01 03 65 6E 64 
85 5F 78 
FF 2F 00 
-------------6-------------
B6 00 01 
C6 21 
FF 01 05 73 74 61 72 74 
96 24 78 
86 24 78 
96 24 78 
96 24 78 
86 24 78 
96 22 78 
86 24 78 
96 22 78 
86 22 78 
86 22 78 
96 20 78 
86 20 78 
96 20 78 
96 1F 78 
86 20 78 
96 1F 78 
86 1F 78 
96 1D 78 
86 1F 78 
96 1D 78 
86 1D 78 
96 22 78 
86 1D 78 
96 22 78 
86 22 78 
86 22 78 
96 27 78 
96 27 78 
86 27 78 
96 1F 78 
86 27 78 
86 1F 78 
96 1F 78 
96 24 78 
86 1F 78 
86 24 78 
96 24 78 
96 22 78 
86 24 78 
86 22 78 
96 22 78 
86 22 78 
96 20 78 
96 20 78 
86 20 78 
96 1F 78 
86 20 78 
96 1F 78 
86 1F 78 
96 1D 78 
86 1F 78 
96 1D 78 
86 1D 78 
96 1F 78 
86 1D 78 
86 1F 78 
96 1F 78 
86 1F 78 
96 20 78 
86 20 78 
96 22 78 
86 22 78 
96 24 78 
86 24 78 
96 24 78 
86 24 78 
96 24 78 
96 24 78 
86 24 78 
86 24 78 
96 22 78 
96 22 78 
86 22 78 
96 20 78 
86 22 78 
86 20 78 
96 20 78 
96 1F 78 
86 20 78 
86 1F 78 
96 1F 78 
96 1D 78 
86 1F 78 
96 1D 78 
86 1D 78 
86 1D 78 
96 22 78 
96 22 78 
86 22 78 
96 27 78 
86 22 78 
96 27 78 
86 27 78 
86 27 78 
96 1F 78 
96 1F 78 
86 1F 78 
96 24 78 
86 1F 78 
96 24 78 
86 24 78 
96 22 78 
86 24 78 
86 22 78 
96 22 78 
86 22 78 
96 20 78 
96 20 78 
86 20 78 
86 20 78 
96 1F 78 
86 1F 78 
96 1F 78 
86 1F 78 
96 1D 78 
86 1D 78 
96 1D 78 
96 1F 78 
86 1D 78 
86 1F 78 
96 1F 78 
96 20 78 
86 1F 78 
96 22 78 
86 20 78 
96 24 78 
86 22 78 
86 24 78 
96 24 78 
86 24 78 
96 29 78 
86 29 78 
96 29 78 
86 29 78 
96 22 78 
86 22 78 
96 22 78 
86 22 78 
96 27 78 
96 27 78 
86 27 78 
86 27 78 
96 2C 78 
96 2C 78 
86 2C 78 
96 25 78 
86 2C 78 
86 25 78 
96 25 78 
96 2B 78 
86 25 78 
96 2B 78 
86 2B 78 
96 24 78 
86 2B 78 
96 24 78 
86 24 78 
86 24 78 
96 24 78 
86 24 78 
96 24 78 
86 24 78 
96 25 78 
96 25 78 
86 25 78 
96 27 78 
86 25 78 
86 27 78 
96 27 78 
96 24 78 
86 27 78 
86 24 78 
96 24 78 
86 24 78 
96 29 78 
96 29 78 
86 29 78 
86 29 78 
96 2A 78 
86 2A 78 
96 2A 78 
96 2B 78 
86 2A 78 
96 2B 78 
86 2B 78 
96 2B 78 
86 2B 78 
86 2B 78 
96 2B 78 
86 2B 78 
96 2B 78 
96 2B 78 
86 2B 78 
86 2B 78 
96 24 78 
96 24 78 
86 24 78 
96 22 78 
86 24 78 
96 22 78 
86 22 78 
86 22 78 
96 20 78 
96 20 78 
86 20 78 
86 20 78 
96 1F 78 
86 1F 78 
96 1F 78 
86 1F 78 
96 1D 78 
96 1D 78 
86 1D 78 
86 1D 78 
96 22 78 
86 22 78 
96 22 78 
86 22 78 
96 27 78 
96 27 78 
86 27 78 
86 27 78 
96 1F 78 
86 1F 78 
96 1F 78 
86 1F 78 
96 24 78 
96 24 78 
86 24 78 
86 24 78 
96 22 78 
86 22 78 
96 22 78 
96 20 78 
86 22 78 
96 20 78 
86 20 78 
96 1F 78 
86 20 78 
96 1F 78 
86 1F 78 
96 1D 78 
86 1F 78 
86 1D 78 
96 1D 78 
86 1D 78 
96 1F 78 
96 1F 78 
86 1F 78 
86 1F 78 
96 20 78 
96 22 78 
86 20 78 
96 24 78 
86 22 78 
96 24 78 
86 24 78 
86 24 78 
96 24 78 
86 24 78 
96 24 78 
96 22 78 
86 24 78 
86 22 78 
96 22 78 
86 22 78 
96 20 78 
86 20 78 
96 20 78 
86 20 78 
96 1F 78 
96 1F 78 
86 1F 78 
86 1F 78 
96 1D 78 
86 1D 78 
96 1D 78 
86 1D 78 
96 22 78 
96 22 78 
86 22 78 
96 27 78 
86 22 78 
86 27 78 
96 27 78 
96 1F 78 
86 27 78 
96 1F 78 
86 1F 78 
86 1F 78 
96 24 78 
96 24 78 
86 24 78 
86 24 78 
96 22 78 
96 22 78 
86 22 78 
86 22 78 
96 20 78 
86 20 78 
96 20 78 
86 20 78 
96 1F 78 
96 1F 78 
86 1F 78 
86 1F 78 
96 1D 78 
96 1D 78 
86 1D 78 
96 1F 78 
86 1D 78 
86 1F 78 
96 1F 78 
96 20 78 
86 1F 78 
86 20 78 
96 22 78 
96 24 78 
86 22 78 
FF 01 03 65 6E 64 
86 24 78 
FF 2F 00 
-------------7-------------
FF 01 05 73 74 61 72 74 
C7 38 
B7 00 01 
97 4B 60 
97 4A 60 
87 4B 78 
87 4A 78 
97 48 60 
87 48 78 
97 47 60 
97 48 60 
87 47 78 
97 4A 60 
87 48 78 
87 4A 78 
97 4B 60 
97 4F 60 
87 4B 78 
87 4F 78 
97 52 60 
97 50 60 
87 52 78 
87 50 78 
97 4F 60 
97 4D 60 
87 4F 78 
97 4A 60 
87 4D 78 
97 4A 60 
87 4A 78 
87 4A 78 
97 48 60 
87 48 78 
97 4A 60 
87 4A 78 
97 48 60 
87 48 78 
97 43 60 
87 43 78 
97 4B 60 
97 4B 60 
87 4B 78 
87 4B 78 
97 4D 60 
87 4D 78 
97 4F 60 
97 4A 60 
87 4F 78 
87 4A 78 
97 52 60 
97 48 60 
87 52 78 
97 48 60 
87 48 78 
97 4A 60 
87 48 78 
87 4A 78 
97 4B 60 
97 46 60 
87 4B 78 
97 4F 60 
87 46 78 
97 44 60 
87 4F 78 
87 44 78 
97 44 60 
97 46 60 
87 44 78 
87 46 78 
97 48 60 
97 4A 60 
87 48 78 
87 4A 78 
97 48 60 
87 48 78 
97 46 60 
87 46 78 
97 43 60 
97 41 60 
87 43 78 
87 41 78 
97 43 60 
87 43 78 
97 43 60 
87 43 78 
97 4B 60 
87 4B 78 
97 4B 60 
87 4B 78 
97 4D 60 
87 4D 78 
97 4F 60 
97 4A 60 
87 4F 78 
87 4A 78 
97 52 60 
97 48 60 
87 52 78 
87 48 78 
97 48 60 
87 48 78 
97 4A 60 
97 4B 60 
87 4A 78 
87 4B 78 
97 46 60 
87 46 78 
97 4F 60 
87 4F 78 
97 44 60 
97 46 60 
87 44 78 
87 46 78 
97 48 60 
97 4A 60 
87 48 78 
87 4A 78 
97 48 60 
97 46 60 
87 48 78 
97 48 60 
87 46 78 
97 46 60 
87 48 78 
97 48 60 
87 46 78 
87 48 78 
97 4B 60 
97 4B 60 
87 4B 78 
87 4B 78 
97 4D 60 
97 4F 60 
87 4D 78 
97 4A 60 
87 4F 78 
87 4A 78 
97 52 60 
97 48 60 
87 52 78 
97 48 60 
87 48 78 
97 4A 60 
87 48 78 
97 4B 60 
87 4A 78 
87 4B 78 
97 46 60 
97 4F 60 
87 46 78 
97 44 60 
87 4F 78 
87 44 78 
97 44 60 
97 46 60 
87 44 78 
87 46 78 
97 48 60 
87 48 78 
97 4A 60 
87 4A 78 
97 48 60 
97 46 60 
87 48 78 
87 46 78 
97 43 60 
97 41 60 
87 43 78 
87 41 78 
97 43 60 
87 43 78 
97 43 60 
97 4B 60 
87 43 78 
87 4B 78 
97 4B 60 
87 4B 78 
97 4D 60 
97 4F 60 
87 4D 78 
97 4A 60 
87 4F 78 
97 52 60 
87 4A 78 
87 52 78 
97 48 60 
97 48 60 
87 48 78 
87 48 78 
97 4A 60 
87 4A 78 
97 4B 60 
97 46 60 
87 4B 78 
97 4F 60 
87 46 78 
97 44 60 
87 4F 78 
97 46 60 
87 44 78 
87 46 78 
97 48 60 
87 48 78 
97 4A 60 
87 4A 78 
97 48 60 
97 46 60 
87 48 78 
97 48 60 
87 46 78 
87 48 78 
97 46 60 
87 46 78 
97 48 60 
87 48 78 
97 43 60 
87 43 78 
97 4B 60 
87 4B 78 
97 4B 60 
87 4B 78 
97 4D 60 
97 4F 60 
87 4D 78 
97 4A 60 
87 4F 78 
87 4A 78 
97 52 60 
87 52 78 
97 48 60 
97 48 60 
87 48 78 
97 4A 60 
87 48 78 
87 4A 78 
97 4B 60 
87 4B 78 
97 46 60 
87 46 78 
97 4F 60 
87 4F 78 
97 44 60 
97 44 60 
87 44 78 
97 46 60 
87 44 78 
87 46 78 
97 48 60 
97 4A 60 
87 48 78 
87 4A 78 
97 48 60 
97 46 60 
87 48 78 
97 43 60 
87 46 78 
87 43 78 
97 41 60 
97 43 60 
87 41 78 
97 43 60 
87 43 78 
87 43 78 
97 4B 60 
97 4B 60 
87 4B 78 
87 4B 78 
97 4D 60 
97 4F 60 
87 4D 78 
87 4F 78 
97 4A 60 
87 4A 78 
97 52 60 
97 48 60 
87 52 78 
97 48 60 
87 48 78 
97 4A 60 
87 48 78 
97 4B 60 
87 4A 78 
97 46 60 
87 4B 78 
87 46 78 
97 4F 60 
97 44 60 
87 4F 78 
87 44 78 
97 46 60 
87 46 78 
97 48 60 
97 4A 60 
87 48 78 
87 4A 78 
97 48 60 
97 46 60 
87 48 78 
87 46 78 
97 48 60 
87 48 78 
97 46 60 
87 46 78 
97 48 60 
FF 01 03 65 6E 64 
87 48 78 
FF 2F 00 
-------------8-------------
FF 01 05 73 74 61 72 74 
C9 04 
B9 00 7F 
89 45 78 
99 45 78 
89 45 78 
99 45 78 
89 45 78 
99 45 78 
89 45 78 
99 45 78 
89 45 78 
99 45 78 
89 45 78 
99 45 78 
89 45 78 
99 45 78 
89 45 78 
99 45 78 
89 45 78 
99 45 78 
89 45 78 
99 45 78 
89 45 78 
99 45 78 
89 45 78 
99 45 78 
89 45 78 
99 45 78 
89 45 78 
99 45 78 
89 45 78 
99 45 78 
89 45 78 
99 45 78 
89 45 78 
99 45 78 
89 45 78 
99 45 78 
89 45 78 
99 45 78 
89 45 78 
99 45 78 
89 45 78 
99 45 78 
89 45 78 
99 45 78 
89 45 78 
99 45 78 
89 45 78 
99 45 78 
89 45 78 
99 45 78 
89 45 78 
99 45 78 
89 45 78 
99 45 78 
89 45 78 
99 45 78 
89 45 78 
99 45 78 
89 45 78 
99 45 78 
89 45 78 
99 45 78 
89 45 78 
99 45 78 
89 45 78 
99 45 78 
89 45 78 
89 45 78 
99 45 78 
89 45 78 
99 45 78 
89 45 78 
99 45 78 
89 45 78 
99 45 78 
89 45 78 
99 45 78 
89 45 78 
99 45 78 
89 45 78 
99 45 78 
89 45 78 
99 45 78 
89 45 78 
99 45 78 
89 45 78 
99 45 78 
89 45 78 
99 45 78 
89 45 78 
99 45 78 
89 45 78 
99 45 78 
89 45 78 
99 45 78 
89 45 78 
99 45 78 
89 45 78 
99 45 78 
89 45 78 
99 45 78 
89 45 78 
99 45 78 
89 45 78 
99 45 78 
89 45 78 
99 45 78 
89 45 78 
99 45 78 
89 45 78 
99 45 78 
89 45 78 
99 45 78 
89 45 78 
99 45 78 
89 45 78 
99 45 78 
89 45 78 
99 45 78 
89 45 78 
99 45 78 
89 45 78 
99 45 78 
89 45 78 
99 45 78 
89 45 78 
99 45 78 
89 45 78 
99 45 78 
89 45 78 
99 45 78 
89 45 78 
89 45 78 
99 45 78 
89 45 78 
99 45 78 
89 45 78 
99 45 78 
89 45 78 
99 45 78 
89 45 78 
99 45 78 
89 45 78 
99 45 78 
89 45 78 
99 45 78 
89 45 78 
99 45 78 
89 45 78 
99 45 78 
89 45 78 
99 45 78 
89 45 78 
99 45 78 
89 45 78 
99 45 78 
89 45 78 
99 45 78 
89 45 78 
99 45 78 
89 45 78 
99 45 78 
89 45 78 
99 45 78 
89 45 78 
99 45 78 
89 45 78 
99 45 78 
89 45 78 
99 45 78 
89 45 78 
99 45 78 
89 45 78 
99 45 78 
89 45 78 
99 45 78 
89 45 78 
99 45 78 
89 45 78 
99 45 78 
89 45 78 
99 45 78 
89 45 78 
99 45 78 
89 45 78 
99 45 78 
89 45 78 
99 45 78 
89 45 78 
99 45 78 
89 45 78 
99 45 78 
89 45 78 
99 45 78 
89 45 78 
99 45 78 
89 45 78 
89 45 78 
99 45 78 
89 45 78 
99 45 78 
89 45 78 
99 45 78 
89 45 78 
99 45 78 
89 45 78 
99 45 78 
89 45 78 
99 45 78 
89 45 78 
99 45 78 
89 45 78 
99 45 78 
89 45 78 
99 45 78 
89 45 78 
99 45 78 
89 45 78 
99 45 78 
89 45 78 
99 45 78 
89 45 78 
99 45 78 
89 45 78 
99 45 78 
89 45 78 
99 45 78 
89 45 78 
99 45 78 
89 45 78 
99 45 78 
89 45 78 
99 45 78 
89 45 78 
99 45 78 
89 45 78 
99 45 78 
89 45 78 
99 45 78 
89 45 78 
99 45 78 
89 45 78 
99 45 78 
89 45 78 
99 45 78 
89 45 78 
99 45 78 
89 45 78 
99 45 78 
89 45 78 
99 45 78 
89 45 78 
99 45 78 
89 45 78 
99 45 78 
89 45 78 
99 45 78 
89 45 78 
99 45 78 
89 45 78 
99 45 78 
89 45 78 
89 45 78 
99 45 78 
89 45 78 
99 45 78 
89 45 78 
99 45 78 
89 45 78 
99 45 78 
89 45 78 
99 45 78 
89 45 78 
99 45 78 
89 45 78 
99 45 78 
89 45 78 
99 45 78 
89 45 78 
99 45 78 
89 45 78 
99 45 78 
89 45 78 
99 45 78 
89 45 78 
99 45 78 
89 45 78 
99 45 78 
89 45 78 
99 45 78 
89 45 78 
99 45 78 
89 45 78 
99 45 78 
89 45 78 
99 45 78 
89 45 78 
99 45 78 
89 45 78 
99 45 78 
89 45 78 
99 45 78 
89 45 78 
99 45 78 
89 45 78 
99 45 78 
89 45 78 
99 45 78 
89 45 78 
99 45 78 
89 45 78 
99 45 78 
89 45 78 
99 45 78 
89 45 78 
99 45 78 
89 45 78 
99 45 78 
89 45 78 
99 45 78 
89 45 78 
99 45 78 
89 45 78 
99 45 78 
89 45 78 
89 45 78 
99 45 78 
89 45 78 
99 45 78 
89 45 78 
99 45 78 
89 45 78 
99 45 78 
89 45 78 
99 45 78 
89 45 78 
99 45 78 
89 45 78 
99 45 78 
89 45 78 
99 45 78 
89 45 78 
99 45 78 
89 45 78 
99 45 78 
89 45 78 
99 45 78 
89 45 78 
99 45 78 
89 45 78 
99 45 78 
89 45 78 
99 45 78 
89 45 78 
99 45 78 
89 45 78 
99 45 78 
89 45 78 
99 45 78 
89 45 78 
99 45 78 
89 45 78 
99 45 78 
89 45 78 
99 45 78 
89 45 78 
99 45 78 
89 45 78 
99 45 78 
89 45 78 
99 45 78 
89 45 78 
99 45 78 
89 45 78 
99 45 78 
89 45 78 
99 45 78 
89 45 78 
99 45 78 
89 45 78 
99 45 78 
89 45 78 
99 45 78 
89 45 78 
99 45 78 
89 45 78 
99 45 78 
89 45 78 
99 45 78 
89 45 78 
99 45 78 
89 45 78 
89 45 78 
99 45 78 
89 45 78 
99 45 78 
89 45 78 
99 45 78 
89 45 78 
99 45 78 
89 45 78 
99 45 78 
89 45 78 
99 45 78 
89 45 78 
99 45 78 
89 45 78 
99 45 78 
89 45 78 
99 45 78 
89 45 78 
99 45 78 
89 45 78 
99 45 78 
89 45 78 
99 45 78 
89 45 78 
99 45 78 
89 45 78 
99 45 78 
89 45 78 
99 45 78 
89 45 78 
99 45 78 
89 45 78 
99 45 78 
89 45 78 
99 45 78 
89 45 78 
99 45 78 
89 45 78 
99 45 78 
89 45 78 
99 45 78 
89 45 78 
99 45 78 
89 45 78 
99 45 78 
89 45 78 
99 45 78 
89 45 78 
99 45 78 
89 45 78 
99 45 78 
89 45 78 
99 45 78 
89 45 78 
99 45 78 
89 45 78 
99 45 78 
89 45 78 
99 45 78 
89 45 78 
99 45 78 
89 45 78 
99 45 78 
89 45 78 
89 45 78 
99 45 78 
89 45 78 
99 45 78 
89 45 78 
99 45 78 
89 45 78 
99 45 78 
89 45 78 
99 45 78 
89 45 78 
99 45 78 
89 45 78 
99 45 78 
89 45 78 
99 45 78 
89 45 78 
99 45 78 
89 45 78 
99 45 78 
89 45 78 
99 45 78 
89 45 78 
99 45 78 
89 45 78 
99 45 78 
89 45 78 
99 45 78 
89 45 78 
99 45 78 
89 45 78 
99 45 78 
89 45 78 
99 45 78 
89 45 78 
99 45 78 
89 45 78 
99 45 78 
89 45 78 
99 45 78 
89 45 78 
99 45 78 
89 45 78 
99 45 78 
89 45 78 
99 45 78 
89 45 78 
99 45 78 
89 45 78 
99 45 78 
89 45 78 
99 45 78 
89 45 78 
99 45 78 
89 45 78 
99 45 78 
89 45 78 
99 45 78 
89 45 78 
99 45 78 
89 45 78 
99 45 78 
89 45 78 
89 45 78 
99 45 78 
89 45 78 
99 45 78 
89 45 78 
99 45 78 
89 45 78 
99 45 78 
89 45 78 
99 45 78 
89 45 78 
99 45 78 
89 45 78 
99 45 78 
89 45 78 
99 45 78 
89 45 78 
99 45 78 
89 45 78 
99 45 78 
89 45 78 
99 45 78 
89 45 78 
99 45 78 
89 45 78 
99 45 78 
89 45 78 
99 45 78 
89 45 78 
99 45 78 
89 45 78 
99 45 78 
89 45 78 
99 45 78 
89 45 78 
99 45 78 
89 45 78 
99 45 78 
89 45 78 
99 45 78 
89 45 78 
99 45 78 
89 45 78 
99 45 78 
89 45 78 
99 45 78 
89 45 78 
99 45 78 
89 45 78 
99 45 78 
89 45 78 
99 45 78 
89 45 78 
99 45 78 
89 45 78 
99 45 78 
89 45 78 
99 45 78 
89 45 78 
99 45 78 
89 45 78 
99 45 78 
89 45 78 
99 45 78 
89 45 78 
99 45 78 
89 45 78 
89 45 78 
99 45 78 
89 45 78 
99 45 78 
89 45 78 
99 45 78 
89 45 78 
99 45 78 
89 45 78 
99 45 78 
89 45 78 
99 45 78 
89 45 78 
99 45 78 
89 45 78 
99 45 78 
89 45 78 
99 45 78 
89 45 78 
99 45 78 
89 45 78 
99 45 78 
89 45 78 
99 45 78 
89 45 78 
99 45 78 
89 45 78 
99 45 78 
89 45 78 
99 45 78 
89 45 78 
99 45 78 
89 45 78 
99 45 78 
89 45 78 
99 45 78 
89 45 78 
99 45 78 
89 45 78 
99 45 78 
89 45 78 
99 45 78 
89 45 78 
99 45 78 
89 45 78 
99 45 78 
89 45 78 
99 45 78 
89 45 78 
99 45 78 
89 45 78 
99 45 78 
89 45 78 
99 45 78 
89 45 78 
99 45 78 
89 45 78 
99 45 78 
89 45 78 
99 45 78 
89 45 78 
99 45 78 
89 45 78 
FF 01 03 65 6E 64 
FF 2F 00 
