time	track	channel	bar	pitch	volume	instrument
793	8	9	32	69
793	8	9	32	69
797	8	9	33	69
801	8	9	33	69
803	8	9	33	69
805	8	9	33	69
807	8	9	33	69
809	8	9	33	69
811	8	9	33	69
817	8	9	33	69
821	8	9	34	69
825	8	9	34	69
829	8	9	34	69
833	8	9	34	69
835	8	9	34	69
837	8	9	34	69
839	8	9	34	69
841	8	9	34	69
845	8	9	35	69
849	8	9	35	69
851	8	9	35	69
853	8	9	35	69
855	8	9	35	69
857	8	9	35	69
859	8	9	35	69
865	8	9	35	69
869	8	9	36	69
873	8	9	36	69
877	8	9	36	69
881	8	9	36	69
883	8	9	36	69
885	8	9	36	69
887	8	9	36	69
889	8	9	36	69
893	8	9	37	69
897	8	9	37	69
899	8	9	37	69
901	8	9	37	69
903	8	9	37	69
905	8	9	37	69
907	8	9	37	69
913	8	9	37	69
917	8	9	38	69
921	8	9	38	69
925	8	9	38	69
929	8	9	38	69
931	8	9	38	69
933	8	9	38	69
935	8	9	38	69
937	8	9	38	69
941	8	9	39	69
945	8	9	39	69
947	8	9	39	69
949	8	9	39	69
951	8	9	39	69
953	8	9	39	69
955	8	9	39	69
961	8	9	39	69
965	8	9	40	69
969	8	9	40	69
973	8	9	40	69
977	8	9	40	69
979	8	9	40	69
981	8	9	40	69
983	8	9	40	69
985	8	9	40	69
985	8	9	40	69
989	8	9	41	69
993	8	9	41	69
995	8	9	41	69
997	8	9	41	69
999	8	9	41	69
1001	8	9	41	69
1003	8	9	41	69
1009	8	9	41	69
1013	8	9	42	69
1017	8	9	42	69
1021	8	9	42	69
1025	8	9	42	69
1027	8	9	42	69
1029	8	9	42	69
1031	8	9	42	69
1033	8	9	42	69
1037	8	9	43	69
1041	8	9	43	69
1043	8	9	43	69
1045	8	9	43	69
1047	8	9	43	69
1049	8	9	43	69
1051	8	9	43	69
1057	8	9	43	69
1061	8	9	44	69
1065	8	9	44	69
1069	8	9	44	69
1073	8	9	44	69
1075	8	9	44	69
1077	8	9	44	69
1079	8	9	44	69
1081	8	9	44	69
1085	8	9	45	69
1089	8	9	45	69
1091	8	9	45	69
1093	8	9	45	69
1095	8	9	45	69
1097	8	9	45	69
1099	8	9	45	69
1105	8	9	45	69
1109	8	9	46	69
1113	8	9	46	69
1117	8	9	46	69
1121	8	9	46	69
1123	8	9	46	69
1125	8	9	46	69
1127	8	9	46	69
1129	8	9	46	69
1133	8	9	47	69
1137	8	9	47	69
1139	8	9	47	69
1141	8	9	47	69
1143	8	9	47	69
1145	8	9	47	69
1147	8	9	47	69
1153	8	9	47	69
1157	8	9	48	69
1161	8	9	48	69
1165	8	9	48	69
1169	8	9	48	69
1171	8	9	48	69
1173	8	9	48	69
1175	8	9	48	69
1177	8	9	48	69
1177	8	9	48	69
1181	8	9	49	69
1185	8	9	49	69
1187	8	9	49	69
1189	8	9	49	69
1191	8	9	49	69
1193	8	9	49	69
1195	8	9	49	69
1201	8	9	49	69
1205	8	9	50	69
1209	8	9	50	69
1213	8	9	50	69
1217	8	9	50	69
1219	8	9	50	69
1221	8	9	50	69
1223	8	9	50	69
1225	8	9	50	69
1229	8	9	51	69
1233	8	9	51	69
1235	8	9	51	69
1237	8	9	51	69
1239	8	9	51	69
1241	8	9	51	69
1243	8	9	51	69
1249	8	9	51	69
1253	8	9	52	69
1257	8	9	52	69
1261	8	9	52	69
1265	8	9	52	69
1267	8	9	52	69
1269	8	9	52	69
1271	8	9	52	69
1273	8	9	52	69
1277	8	9	53	69
1281	8	9	53	69
1283	8	9	53	69
1285	8	9	53	69
1287	8	9	53	69
1289	8	9	53	69
1291	8	9	53	69
1297	8	9	53	69
1301	8	9	54	69
1305	8	9	54	69
1309	8	9	54	69
1313	8	9	54	69
1315	8	9	54	69
1317	8	9	54	69
1319	8	9	54	69
1321	8	9	54	69
1325	8	9	55	69
1329	8	9	55	69
1331	8	9	55	69
1333	8	9	55	69
1335	8	9	55	69
1337	8	9	55	69
1339	8	9	55	69
1345	8	9	55	69
1349	8	9	56	69
1353	8	9	56	69
1357	8	9	56	69
1361	8	9	56	69
1363	8	9	56	69
1365	8	9	56	69
1367	8	9	56	69
1369	8	9	56	69
1369	8	9	56	69
1373	8	9	57	69
1377	8	9	57	69
1379	8	9	57	69
1381	8	9	57	69
1383	8	9	57	69
1385	8	9	57	69
1387	8	9	57	69
1393	8	9	57	69
1397	8	9	58	69
1401	8	9	58	69
1405	8	9	58	69
1409	8	9	58	69
1411	8	9	58	69
1413	8	9	58	69
1415	8	9	58	69
1417	8	9	58	69
1421	8	9	58	69
1425	8	9	59	69
1427	8	9	59	69
1429	8	9	59	69
1431	8	9	59	69
1433	8	9	59	69
1435	8	9	59	69
1441	8	9	59	69
1445	8	9	59	69
1449	8	9	60	69
1453	8	9	60	69
1457	8	9	60	69
1459	8	9	60	69
1461	8	9	60	69
1463	8	9	60	69
1465	8	9	60	69
1469	8	9	60	69
1473	8	9	61	69
1475	8	9	61	69
1477	8	9	61	69
1479	8	9	61	69
1481	8	9	61	69
1483	8	9	61	69
1489	8	9	61	69
1493	8	9	61	69
1497	8	9	62	69
1501	8	9	62	69
1505	8	9	62	69
1507	8	9	62	69
1509	8	9	62	69
1511	8	9	62	69
1513	8	9	62	69
1517	8	9	62	69
1521	8	9	63	69
1523	8	9	63	69
1525	8	9	63	69
1527	8	9	63	69
1529	8	9	63	69
1531	8	9	63	69
1537	8	9	63	69
1541	8	9	63	69
1545	8	9	64	69
1549	8	9	64	69
1553	8	9	64	69
1555	8	9	64	69
1557	8	9	64	69
1559	8	9	64	69
1561	8	9	64	69
1561	8	9	64	69
1565	8	9	64	69
1569	8	9	65	69
1571	8	9	65	69
1573	8	9	65	69
1575	8	9	65	69
1577	8	9	65	69
1579	8	9	65	69
1585	8	9	65	69
1589	8	9	65	69
1593	8	9	66	69
1597	8	9	66	69
1601	8	9	66	69
1603	8	9	66	69
1605	8	9	66	69
1607	8	9	66	69
1609	8	9	66	69
1613	8	9	66	69
1617	8	9	67	69
1619	8	9	67	69
1621	8	9	67	69
1623	8	9	67	69
1625	8	9	67	69
1627	8	9	67	69
1633	8	9	67	69
1637	8	9	67	69
1641	8	9	68	69
1645	8	9	68	69
1649	8	9	68	69
1651	8	9	68	69
1653	8	9	68	69
1655	8	9	68	69
1657	8	9	68	69
1661	8	9	68	69
1666	8	9	69	69
1668	8	9	69	69
1670	8	9	69	69
1671	8	9	69	69
1674	8	9	69	69
1676	8	9	69	69
1682	8	9	69	69
1686	8	9	69	69
1690	8	9	70	69
1694	8	9	70	69
1697	8	9	70	69
1700	8	9	70	69
1702	8	9	70	69
1704	8	9	70	69
1706	8	9	70	69
1710	8	9	70	69
1714	8	9	71	69
1716	8	9	71	69
1718	8	9	71	69
1720	8	9	71	69
1722	8	9	71	69
1723	8	9	71	69
1730	8	9	71	69
1733	8	9	71	69
1738	8	9	72	69
1742	8	9	72	69
1746	8	9	72	69
1748	8	9	72	69
1750	8	9	72	69
1752	8	9	72	69
1754	8	9	72	69
1754	8	9	72	69
1757	8	9	72	69
1762	8	9	73	69
1764	8	9	73	69
1766	8	9	73	69
1767	8	9	73	69
1769	8	9	73	69
1771	8	9	73	69
1778	8	9	73	69
1782	8	9	73	69
1786	8	9	74	69
1790	8	9	74	69
1793	8	9	74	69
1796	8	9	74	69
1798	8	9	74	69
1800	8	9	74	69
1802	8	9	74	69
1806	8	9	74	69
1810	8	9	75	69
1812	8	9	75	69
1814	8	9	75	69
1816	8	9	75	69
1818	8	9	75	69
1819	8	9	75	69
1826	8	9	75	69
1829	8	9	75	69
1834	8	9	76	69
1838	8	9	76	69
1842	8	9	76	69
1844	8	9	76	69
1845	8	9	76	69
1848	8	9	76	69
1850	8	9	76	69
1854	8	9	76	69
1858	8	9	77	69
1860	8	9	77	69
1862	8	9	77	69
1864	8	9	77	69
1866	8	9	77	69
1868	8	9	77	69
1874	8	9	77	69
1878	8	9	77	69
1881	8	9	78	69
1886	8	9	78	69
1890	8	9	78	69
1891	8	9	78	69
1894	8	9	78	69
1896	8	9	78	69
1898	8	9	78	69
1902	8	9	78	69
1906	8	9	79	69
1907	8	9	79	69
1909	8	9	79	69
1911	8	9	79	69
1913	8	9	79	69
1915	8	9	79	69
1922	8	9	79	69
1926	8	9	79	69
1930	8	9	80	69
1934	8	9	80	69
1938	8	9	80	69
1939	8	9	80	69
1941	8	9	80	69
1943	8	9	80	69
1945	8	9	80	69
1945	8	9	80	69
1950	8	9	80	69
1954	8	9	81	69
1955	8	9	81	69
1958	8	9	81	69
1960	8	9	81	69
1962	8	9	81	69
1964	8	9	81	69
1970	8	9	81	69
1974	8	9	81	69
1978	8	9	82	69
1982	8	9	82	69
1986	8	9	82	69
1988	8	9	82	69
1990	8	9	82	69
1992	8	9	82	69
1994	8	9	82	69
1998	8	9	82	69
2002	8	9	83	69
2004	8	9	83	69
2006	8	9	83	69
2008	8	9	83	69
2010	8	9	83	69
2012	8	9	83	69
2018	8	9	83	69
2022	8	9	83	69
2026	8	9	84	69
2030	8	9	84	69
2034	8	9	84	69
2036	8	9	84	69
2038	8	9	84	69
2040	8	9	84	69
2042	8	9	84	69
2046	8	9	84	69
2050	8	9	85	69
2052	8	9	85	69
2054	8	9	85	69
2056	8	9	85	69
2058	8	9	85	69
2060	8	9	85	69
2066	8	9	85	69
2070	8	9	85	69
2074	8	9	86	69
2078	8	9	86	69
2082	8	9	86	69
2084	8	9	86	69
2086	8	9	86	69
2088	8	9	86	69
2090	8	9	86	69
2094	8	9	86	69
2098	8	9	87	69
2100	8	9	87	69
2102	8	9	87	69
2104	8	9	87	69
2106	8	9	87	69
2108	8	9	87	69
2114	8	9	87	69
2118	8	9	87	69
2122	8	9	88	69
2126	8	9	88	69
2130	8	9	88	69
2132	8	9	88	69
2134	8	9	88	69
2136	8	9	88	69
2138	8	9	88	69
2138	8	9	88	69
2142	8	9	88	69
2146	8	9	89	69
2148	8	9	89	69
2149	8	9	89	69
2152	8	9	89	69
2154	8	9	89	69
2156	8	9	89	69
2162	8	9	89	69
2165	8	9	89	69
2170	8	9	90	69
2174	8	9	90	69
2178	8	9	90	69
2180	8	9	90	69
2182	8	9	90	69
2184	8	9	90	69
2186	8	9	90	69
2190	8	9	90	69
2194	8	9	91	69
2196	8	9	91	69
2198	8	9	91	69
2200	8	9	91	69
2202	8	9	91	69
2204	8	9	91	69
2210	8	9	91	69
2214	8	9	91	69
2218	8	9	92	69
2222	8	9	92	69
2226	8	9	92	69
2228	8	9	92	69
2230	8	9	92	69
2232	8	9	92	69
2234	8	9	92	69
2238	8	9	92	69
2242	8	9	93	69
2244	8	9	93	69
2246	8	9	93	69
2248	8	9	93	69
2250	8	9	93	69
2252	8	9	93	69
2258	8	9	93	69
2262	8	9	93	69
2266	8	9	94	69
2270	8	9	94	69
2274	8	9	94	69
2276	8	9	94	69
2278	8	9	94	69
2280	8	9	94	69
2282	8	9	94	69
2286	8	9	94	69
2290	8	9	95	69
2292	8	9	95	69
2294	8	9	95	69
2296	8	9	95	69
2298	8	9	95	69
2300	8	9	95	69
2306	8	9	95	69
2310	8	9	95	69
2314	8	9	96	69
2318	8	9	96	69
2322	8	9	96	69
2324	8	9	96	69
2326	8	9	96	69
2328	8	9	96	69
2330	8	9	96	69
2330	8	9	96	69
2334	8	9	96	69
2338	8	9	97	69
2340	8	9	97	69
2342	8	9	97	69
2344	8	9	97	69
2346	8	9	97	69
2348	8	9	97	69
2354	8	9	97	69
2358	8	9	97	69
2362	8	9	98	69
2366	8	9	98	69
2370	8	9	98	69
2372	8	9	98	69
2374	8	9	98	69
2376	8	9	98	69
2378	8	9	98	69
2382	8	9	98	69
2386	8	9	99	69
2388	8	9	99	69
2390	8	9	99	69
2392	8	9	99	69
2394	8	9	99	69
2396	8	9	99	69
2402	8	9	99	69
2406	8	9	99	69
2410	8	9	100	69
2414	8	9	100	69
2418	8	9	100	69
2420	8	9	100	69
2422	8	9	100	69
2424	8	9	100	69
2426	8	9	100	69
2430	8	9	100	69
2434	8	9	101	69
2436	8	9	101	69
2438	8	9	101	69
2440	8	9	101	69
2442	8	9	101	69
2444	8	9	101	69
2450	8	9	101	69
2454	8	9	101	69
2458	8	9	101	69
2462	8	9	102	69
2466	8	9	102	69
2468	8	9	102	69
2470	8	9	102	69
2472	8	9	102	69
2474	8	9	102	69
2478	8	9	102	69
2482	8	9	102	69
2484	8	9	103	69
2486	8	9	103	69
2488	8	9	103	69
2490	8	9	103	69
2492	8	9	103	69
2498	8	9	103	69
2502	8	9	103	69
2506	8	9	103	69
2510	8	9	104	69
2514	8	9	104	69
2516	8	9	104	69
2518	8	9	104	69
2520	8	9	104	69
2522	8	9	104	69
2522	8	9	104	69
2526	8	9	104	69
2530	8	9	104	69
2532	8	9	105	69
2534	8	9	105	69
2536	8	9	105	69
2538	8	9	105	69
2540	8	9	105	69
2546	8	9	105	69
2550	8	9	105	69
2554	8	9	105	69
2558	8	9	106	69
2562	8	9	106	69
2564	8	9	106	69
2566	8	9	106	69
2568	8	9	106	69
2570	8	9	106	69
2574	8	9	106	69
2578	8	9	106	69
2580	8	9	107	69
2582	8	9	107	69
2584	8	9	107	69
2586	8	9	107	69
2588	8	9	107	69
2594	8	9	107	69
2598	8	9	107	69
2602	8	9	107	69
2606	8	9	108	69
2610	8	9	108	69
2612	8	9	108	69
2614	8	9	108	69
2616	8	9	108	69
2618	8	9	108	69
2622	8	9	108	69
2626	8	9	108	69
2628	8	9	109	69
2630	8	9	109	69
2632	8	9	109	69
2634	8	9	109	69
2636	8	9	109	69
2642	8	9	109	69
2646	8	9	109	69
2650	8	9	109	69
2654	8	9	110	69
2658	8	9	110	69
2660	8	9	110	69
2662	8	9	110	69
2664	8	9	110	69
2666	8	9	110	69
2670	8	9	110	69
2674	8	9	110	69
2676	8	9	111	69
2678	8	9	111	69
2680	8	9	111	69
2682	8	9	111	69
2684	8	9	111	69
2690	8	9	111	69
2694	8	9	111	69
2698	8	9	111	69
2702	8	9	112	69
2706	8	9	112	69
2708	8	9	112	69
2710	8	9	112	69
2712	8	9	112	69
