tick	time	track	channel	bar	beat	pitch	volume	instrument
0	0	1	1	0	0	93	120	0
0	0	2	2	0	0	53	120	0
0	0	2	2	0	0	60	120	0
3	3	1	1	0	0	91	120	0
6	6	1	1	0	0	88	120	0
9	9	1	1	0	0	86	120	0
12	12	1	1	0	0	88	120	0
18	18	1	1	0	1	91	120	0
21	21	1	1	0	1	88	120	0
24	24	1	1	0	1	86	120	0
24	24	2	2	0	1	55	120	0
24	24	2	2	0	1	62	120	0
30	30	1	1	0	2	88	120	0
33	33	1	1	0	2	86	120	0
36	36	1	1	0	2	84	120	0
42	42	1	1	0	3	86	120	0
45	45	1	1	0	3	84	120	0
48	48	1	1	0	3	83	120	0
48	48	2	2	0	3	52	120	0
48	48	2	2	0	3	59	120	0
60	60	1	1	1	4	84	120	0
66	66	1	1	1	5	83	120	0
72	72	1	1	1	5	81	120	0
72	72	2	2	1	5	52	120	0
72	72	2	2	1	5	57	120	0
84	84	1	1	1	6	76	120	0
90	90	1	1	1	7	81	120	0
93	93	1	1	1	7	84	120	0
96	96	1	1	1	7	93	120	0
96	96	2	2	1	7	53	120	0
96	96	2	2	1	7	60	120	0
99	99	1	1	2	8	91	120	0
102	102	1	1	2	8	88	120	0
105	105	1	1	2	8	86	120	0
108	108	1	1	2	8	88	120	0
114	114	1	1	2	9	91	120	0
117	117	1	1	2	9	88	120	0
120	120	1	1	2	9	95	120	0
120	120	2	2	2	9	55	120	0
120	120	2	2	2	9	59	120	0
126	126	1	1	2	10	96	120	0
129	129	1	1	2	10	100	120	0
132	132	1	1	2	10	95	120	0
138	138	1	1	2	11	93	120	0
141	141	1	1	2	11	91	120	0
144	144	1	1	2	11	88	120	0
144	144	2	2	2	11	52	120	0
144	144	2	2	2	11	57	120	0
156	156	1	1	3	12	79	120	0
156	156	1	1	3	12	91	120	0
162	162	1	1	3	13	86	120	0
162	162	1	1	3	13	98	120	0
168	168	1	1	3	13	85	120	0
168	168	1	1	3	13	97	120	0
168	168	2	2	3	13	57	120	0
168	168	2	2	3	13	61	120	0
180	180	1	1	3	14	95	120	0
186	186	1	1	3	15	93	120	0
189	189	1	1	3	15	95	120	0
192	192	1	1	3	15	96	120	0
192	192	2	2	3	15	41	120	0
195	195	1	1	4	16	95	120	0
198	198	1	1	4	16	91	120	0
198	198	2	2	4	16	48	120	0
201	201	1	1	4	16	88	120	0
204	204	1	1	4	16	86	120	0
204	204	2	2	4	16	57	120	0
210	210	1	1	4	17	84	120	0
210	210	2	2	4	17	48	120	0
213	213	1	1	4	17	88	120	0
216	216	1	1	4	17	83	120	0
216	216	2	2	4	17	43	120	0
219	219	1	1	4	18	81	120	0
222	222	1	1	4	18	84	120	0
222	222	2	2	4	18	50	120	0
225	225	1	1	4	18	88	120	0
228	228	1	1	4	18	83	120	0
228	228	2	2	4	18	59	120	0
231	231	1	1	4	19	79	120	0
234	234	1	1	4	19	83	120	0
234	234	2	2	4	19	50	120	0
237	237	1	1	4	19	84	120	0
240	240	1	1	4	19	83	120	0
240	240	2	2	4	19	45	120	0
243	243	1	1	5	20	81	120	0
246	246	1	1	5	20	84	120	0
246	246	2	2	5	20	52	120	0
249	249	1	1	5	20	81	120	0
252	252	1	1	5	20	86	120	0
252	252	2	2	5	20	60	120	0
255	255	1	1	5	21	84	120	0
258	258	1	1	5	21	81	120	0
258	258	2	2	5	21	52	120	0
261	261	1	1	5	21	79	120	0
264	264	1	1	5	21	76	120	0
264	264	2	2	5	21	45	120	0
267	267	1	1	5	22	79	120	0
270	270	1	1	5	22	81	120	0
270	270	2	2	5	22	52	120	0
273	273	1	1	5	22	76	120	0
276	276	1	1	5	22	72	120	0
276	276	2	2	5	22	43	120	0
279	279	1	1	5	23	74	120	0
282	282	1	1	5	23	76	120	0
282	282	2	2	5	23	50	120	0
285	285	1	1	5	23	71	120	0
288	288	1	1	5	23	69	120	0
288	288	2	2	5	23	41	120	0
291	291	1	1	6	24	72	120	0
294	294	1	1	6	24	79	120	0
294	294	2	2	6	24	48	120	0
297	297	1	1	6	24	72	120	0
300	300	1	1	6	24	72	120	0
300	300	1	1	6	24	81	120	0
300	300	2	2	6	24	57	120	0
306	306	1	1	6	25	71	120	0
306	306	1	1	6	25	79	120	0
306	306	2	2	6	25	48	120	0
309	309	1	1	6	25	69	120	0
309	309	1	1	6	25	76	120	0
312	312	1	1	6	25	69	120	0
312	312	2	2	6	25	43	120	0
315	315	1	1	6	26	72	120	0
318	318	1	1	6	26	79	120	0
318	318	2	2	6	26	50	120	0
321	321	1	1	6	26	72	120	0
324	324	1	1	6	26	76	120	0
324	324	1	1	6	26	83	120	0
324	324	2	2	6	26	59	120	0
330	330	1	1	6	27	74	120	0
330	330	1	1	6	27	81	120	0
330	330	2	2	6	27	50	120	0
336	336	1	1	6	27	68	120	0
336	336	1	1	6	27	76	120	0
336	336	1	1	6	27	80	120	0
336	336	2	2	6	27	40	120	0
342	342	1	1	7	28	76	120	0
342	342	2	2	7	28	47	120	0
348	348	1	1	7	28	68	120	0
348	348	1	1	7	28	76	120	0
348	348	1	1	7	28	80	120	0
348	348	2	2	7	28	56	120	0
354	354	1	1	7	29	76	120	0
354	354	2	2	7	29	47	120	0
360	360	1	1	7	29	69	120	0
360	360	1	1	7	29	74	120	0
360	360	1	1	7	29	81	120	0
360	360	2	2	7	29	56	120	0
366	366	1	1	7	30	76	120	0
366	366	2	2	7	30	47	120	0
372	372	1	1	7	30	73	120	0
372	372	1	1	7	30	81	120	0
372	372	2	2	7	30	57	120	0
375	375	1	1	7	31	76	120	0
378	378	1	1	7	31	81	120	0
378	378	2	2	7	31	48	120	0
381	381	1	1	7	31	84	120	0
384	384	1	1	7	31	81	120	0
384	384	2	2	7	31	41	120	0
387	387	1	1	8	32	79	120	0
390	390	1	1	8	32	76	120	0
390	390	2	2	8	32	48	120	0
393	393	1	1	8	32	74	120	0
396	396	1	1	8	32	76	120	0
396	396	2	2	8	32	57	120	0
402	402	1	1	8	33	79	120	0
402	402	2	2	8	33	48	120	0
405	405	1	1	8	33	76	120	0
408	408	1	1	8	33	74	120	0
408	408	2	2	8	33	43	120	0
414	414	1	1	8	34	76	120	0
414	414	2	2	8	34	50	120	0
417	417	1	1	8	34	74	120	0
420	420	1	1	8	34	72	120	0
420	420	2	2	8	34	59	120	0
426	426	1	1	8	35	74	120	0
426	426	2	2	8	35	50	120	0
429	429	1	1	8	35	72	120	0
432	432	1	1	8	35	71	120	0
432	432	1	1	8	35	79	120	0
432	432	2	2	8	35	40	120	0
438	438	2	2	9	36	47	120	0
444	444	1	1	9	36	72	120	0
444	444	1	1	9	36	81	120	0
444	444	2	2	9	36	55	120	0
450	450	1	1	9	37	71	120	0
450	450	1	1	9	37	79	120	0
450	450	2	2	9	37	47	120	0
456	456	1	1	9	37	69	120	0
456	456	1	1	9	37	76	120	0
456	456	2	2	9	37	45	120	0
462	462	2	2	9	38	52	120	0
468	468	1	1	9	38	64	120	0
468	468	2	2	9	38	57	120	0
474	474	1	1	9	39	69	120	0
474	474	2	2	9	39	52	120	0
477	477	1	1	9	39	72	120	0
480	480	1	1	9	39	81	120	0
480	480	2	2	9	39	41	120	0
483	483	1	1	10	40	79	120	0
486	486	1	1	10	40	76	120	0
486	486	2	2	10	40	48	120	0
489	489	1	1	10	40	74	120	0
492	492	1	1	10	40	76	120	0
492	492	2	2	10	40	57	120	0
498	498	1	1	10	41	79	120	0
498	498	2	2	10	41	48	120	0
501	501	1	1	10	41	76	120	0
504	504	1	1	10	41	83	120	0
504	504	2	2	10	41	43	120	0
510	510	1	1	10	42	84	120	0
510	510	2	2	10	42	50	120	0
513	513	1	1	10	42	88	120	0
516	516	1	1	10	42	83	120	0
516	516	2	2	10	42	59	120	0
522	522	1	1	10	43	81	120	0
522	522	2	2	10	43	50	120	0
525	525	1	1	10	43	79	120	0
528	528	1	1	10	43	76	120	0
528	528	2	2	10	43	40	120	0
534	534	2	2	11	44	47	120	0
540	540	1	1	11	44	67	120	0
540	540	1	1	11	44	79	120	0
540	540	2	2	11	44	55	120	0
546	546	1	1	11	45	74	120	0
546	546	1	1	11	45	86	120	0
546	546	2	2	11	45	47	120	0
552	552	1	1	11	45	73	120	0
552	552	1	1	11	45	85	120	0
552	552	2	2	11	45	56	120	0
558	558	2	2	11	46	47	120	0
564	564	1	1	11	46	83	120	0
564	564	2	2	11	46	59	120	0
570	570	1	1	11	47	81	120	0
570	570	2	2	11	47	47	120	0
573	573	1	1	11	47	83	120	0
576	576	1	1	11	47	84	120	0
576	576	2	2	11	47	41	120	0
579	579	1	1	12	48	83	120	0
582	582	1	1	12	48	79	120	0
582	582	2	2	12	48	48	120	0
585	585	1	1	12	48	76	120	0
588	588	1	1	12	48	74	120	0
588	588	2	2	12	48	57	120	0
594	594	1	1	12	49	72	120	0
594	594	2	2	12	49	48	120	0
597	597	1	1	12	49	76	120	0
600	600	1	1	12	49	71	120	0
600	600	2	2	12	49	43	120	0
606	606	1	1	12	50	72	120	0
606	606	2	2	12	50	50	120	0
609	609	1	1	12	50	76	120	0
612	612	1	1	12	50	69	120	0
612	612	2	2	12	50	59	120	0
618	618	1	1	12	51	71	120	0
618	618	2	2	12	51	50	120	0
621	621	1	1	12	51	72	120	0
624	624	1	1	12	51	71	120	0
624	624	2	2	12	51	45	120	0
627	627	1	1	13	52	74	120	0
630	630	1	1	13	52	76	120	0
630	630	2	2	13	52	52	120	0
633	633	1	1	13	52	81	120	0
636	636	1	1	13	52	84	120	0
636	636	2	2	13	52	60	120	0
642	642	1	1	13	53	80	120	0
642	642	2	2	13	53	52	120	0
648	648	1	1	13	53	81	120	0
648	648	2	2	13	53	45	120	0
651	651	1	1	13	54	84	120	0
654	654	1	1	13	54	87	120	0
654	654	2	2	13	54	52	120	0
657	657	1	1	13	54	88	120	0
660	660	1	1	13	54	93	120	0
660	660	2	2	13	54	43	120	0
666	666	1	1	13	55	88	120	0
666	666	2	2	13	55	50	120	0
672	672	1	1	13	55	95	120	0
672	672	2	2	13	55	41	120	0
675	675	1	1	14	56	95	120	0
676	676	1	1	14	56	93	120	0
678	678	1	1	14	56	88	120	0
678	678	2	2	14	56	48	120	0
681	681	1	1	14	56	86	120	0
684	684	1	1	14	56	84	120	0
684	684	2	2	14	56	57	120	0
687	687	1	1	14	57	83	120	0
690	690	1	1	14	57	81	120	0
690	690	2	2	14	57	48	120	0
693	693	1	1	14	57	76	120	0
696	696	1	1	14	57	95	120	0
696	696	2	2	14	57	43	120	0
699	699	1	1	14	58	93	120	0
702	702	1	1	14	58	91	120	0
702	702	2	2	14	58	50	120	0
705	705	1	1	14	58	88	120	0
708	708	1	1	14	58	86	120	0
708	708	2	2	14	58	59	120	0
711	711	1	1	14	59	84	120	0
714	714	1	1	14	59	83	120	0
714	714	2	2	14	59	50	120	0
717	717	1	1	14	59	81	120	0
720	720	1	1	14	59	76	120	0
720	720	1	1	14	59	81	120	0
720	720	1	1	14	59	85	120	0
720	720	2	2	14	59	45	120	0
726	726	2	2	15	60	52	120	0
732	732	2	2	15	60	61	120	0
738	738	1	1	15	61	81	120	0
738	738	2	2	15	61	52	120	0
744	744	1	1	15	61	74	120	0
744	744	1	1	15	61	76	120	0
744	744	2	2	15	61	61	120	0
747	747	1	1	15	62	72	120	0
750	750	1	1	15	62	71	120	0
750	750	2	2	15	62	52	120	0
753	753	1	1	15	62	69	120	0
756	756	1	1	15	62	72	120	0
756	756	2	2	15	62	61	120	0
759	759	1	1	15	63	71	120	0
762	762	1	1	15	63	64	120	0
762	762	2	2	15	63	52	120	0
768	768	1	1	15	63	69	120	0
768	768	1	1	15	63	81	120	0
768	768	2	2	15	63	41	120	0
771	771	1	1	16	64	67	120	0
771	771	1	1	16	64	79	120	0
774	774	1	1	16	64	64	120	0
774	774	1	1	16	64	76	120	0
774	774	2	2	16	64	48	120	0
777	777	1	1	16	64	62	120	0
777	777	1	1	16	64	74	120	0
780	780	1	1	16	64	64	120	0
780	780	1	1	16	64	76	120	0
780	780	2	2	16	64	57	120	0
786	786	1	1	16	65	67	120	0
786	786	1	1	16	65	79	120	0
786	786	2	2	16	65	48	120	0
789	789	1	1	16	65	64	120	0
789	789	1	1	16	65	76	120	0
792	792	1	1	16	65	62	120	0
792	792	1	1	16	65	74	120	0
792	792	2	2	16	65	43	120	0
798	798	1	1	16	66	64	120	0
798	798	1	1	16	66	76	120	0
798	798	2	2	16	66	50	120	0
801	801	1	1	16	66	62	120	0
801	801	1	1	16	66	74	120	0
804	804	1	1	16	66	60	120	0
804	804	1	1	16	66	72	120	0
804	804	2	2	16	66	59	120	0
810	810	1	1	16	67	62	120	0
810	810	1	1	16	67	74	120	0
810	810	2	2	16	67	50	120	0
813	813	1	1	16	67	60	120	0
813	813	1	1	16	67	72	120	0
816	816	1	1	16	67	59	120	0
816	816	1	1	16	67	71	120	0
816	816	2	2	16	67	40	120	0
822	822	2	2	17	68	47	120	0
828	828	1	1	17	68	60	120	0
828	828	1	1	17	68	72	120	0
828	828	2	2	17	68	55	120	0
834	834	1	1	17	69	59	120	0
834	834	1	1	17	69	71	120	0
834	834	2	2	17	69	47	120	0
840	840	1	1	17	69	57	120	0
840	840	1	1	17	69	69	120	0
840	840	2	2	17	69	45	120	0
846	846	2	2	17	70	52	120	0
852	852	1	1	17	70	64	120	0
852	852	2	2	17	70	57	120	0
858	858	1	1	17	71	69	120	0
858	858	2	2	17	71	52	120	0
861	861	1	1	17	71	72	120	0
864	864	1	1	17	71	69	120	0
864	864	1	1	17	71	81	120	0
864	864	2	2	17	71	41	120	0
867	867	1	1	18	72	67	120	0
867	867	1	1	18	72	79	120	0
870	870	1	1	18	72	64	120	0
870	870	1	1	18	72	76	120	0
870	870	2	2	18	72	48	120	0
873	873	1	1	18	72	62	120	0
873	873	1	1	18	72	74	120	0
876	876	1	1	18	72	64	120	0
876	876	1	1	18	72	76	120	0
876	876	2	2	18	72	57	120	0
882	882	1	1	18	73	67	120	0
882	882	1	1	18	73	79	120	0
882	882	2	2	18	73	48	120	0
885	885	1	1	18	73	64	120	0
885	885	1	1	18	73	76	120	0
888	888	1	1	18	73	71	120	0
888	888	1	1	18	73	83	120	0
888	888	2	2	18	73	43	120	0
894	894	1	1	18	74	72	120	0
894	894	1	1	18	74	84	120	0
894	894	2	2	18	74	50	120	0
897	897	1	1	18	74	76	120	0
897	897	1	1	18	74	88	120	0
900	900	1	1	18	74	71	120	0
900	900	1	1	18	74	83	120	0
900	900	2	2	18	74	59	120	0
906	906	1	1	18	75	69	120	0
906	906	1	1	18	75	81	120	0
906	906	2	2	18	75	50	120	0
909	909	1	1	18	75	67	120	0
909	909	1	1	18	75	79	120	0
912	912	1	1	18	75	64	120	0
912	912	1	1	18	75	76	120	0
912	912	2	2	18	75	40	120	0
918	918	2	2	19	76	47	120	0
924	924	1	1	19	76	67	120	0
924	924	1	1	19	76	79	120	0
924	924	2	2	19	76	55	120	0
930	930	1	1	19	77	74	120	0
930	930	1	1	19	77	86	120	0
930	930	2	2	19	77	47	120	0
936	936	1	1	19	77	73	120	0
936	936	1	1	19	77	85	120	0
936	936	2	2	19	77	56	120	0
942	942	2	2	19	78	47	120	0
948	948	1	1	19	78	83	120	0
948	948	2	2	19	78	59	120	0
954	954	1	1	19	79	81	120	0
954	954	2	2	19	79	47	120	0
957	957	1	1	19	79	83	120	0
960	960	1	1	19	79	84	120	0
960	960	2	2	19	79	41	120	0
963	963	1	1	20	80	83	120	0
966	966	1	1	20	80	79	120	0
966	966	2	2	20	80	48	120	0
969	969	1	1	20	80	76	120	0
972	972	1	1	20	80	74	120	0
972	972	2	2	20	80	57	120	0
978	978	1	1	20	81	72	120	0
978	978	2	2	20	81	48	120	0
981	981	1	1	20	81	76	120	0
984	984	1	1	20	81	71	120	0
984	984	2	2	20	81	43	120	0
987	987	1	1	20	82	69	120	0
990	990	1	1	20	82	72	120	0
990	990	2	2	20	82	50	120	0
993	993	1	1	20	82	76	120	0
996	996	1	1	20	82	71	120	0
996	996	2	2	20	82	59	120	0
999	999	1	1	20	83	67	120	0
1002	1002	1	1	20	83	71	120	0
1002	1002	2	2	20	83	50	120	0
1005	1005	1	1	20	83	72	120	0
1008	1008	1	1	20	83	71	120	0
1008	1008	2	2	20	83	45	120	0
1011	1011	1	1	21	84	69	120	0
1014	1014	1	1	21	84	72	120	0
1014	1014	2	2	21	84	52	120	0
1017	1017	1	1	21	84	69	120	0
1020	1020	1	1	21	84	74	120	0
1020	1020	2	2	21	84	60	120	0
1023	1023	1	1	21	85	72	120	0
1026	1026	1	1	21	85	69	120	0
1026	1026	2	2	21	85	52	120	0
1029	1029	1	1	21	85	67	120	0
1032	1032	1	1	21	85	64	120	0
1032	1032	2	2	21	85	45	120	0
1035	1035	1	1	21	86	67	120	0
1038	1038	1	1	21	86	69	120	0
1038	1038	2	2	21	86	52	120	0
1041	1041	1	1	21	86	64	120	0
1044	1044	1	1	21	86	60	120	0
1044	1044	2	2	21	86	43	120	0
1047	1047	1	1	21	87	62	120	0
1050	1050	1	1	21	87	64	120	0
1050	1050	2	2	21	87	50	120	0
1053	1053	1	1	21	87	59	120	0
1056	1056	1	1	21	87	57	120	0
1056	1056	2	2	21	87	41	120	0
1059	1059	1	1	22	88	60	120	0
1062	1062	1	1	22	88	67	120	0
1062	1062	2	2	22	88	48	120	0
1065	1065	1	1	22	88	60	120	0
1068	1068	1	1	22	88	60	120	0
1068	1068	1	1	22	88	69	120	0
1068	1068	2	2	22	88	57	120	0
1074	1074	1	1	22	89	59	120	0
1074	1074	1	1	22	89	67	120	0
1074	1074	2	2	22	89	48	120	0
1077	1077	1	1	22	89	57	120	0
1077	1077	1	1	22	89	64	120	0
1080	1080	1	1	22	89	57	120	0
1080	1080	2	2	22	89	43	120	0
1083	1083	1	1	22	90	60	120	0
1086	1086	1	1	22	90	67	120	0
1086	1086	2	2	22	90	50	120	0
1089	1089	1	1	22	90	60	120	0
1092	1092	1	1	22	90	64	120	0
1092	1092	1	1	22	90	71	120	0
1092	1092	2	2	22	90	59	120	0
1098	1098	1	1	22	91	62	120	0
1098	1098	1	1	22	91	69	120	0
1098	1098	2	2	22	91	50	120	0
1104	1104	1	1	22	91	56	120	0
1104	1104	1	1	22	91	64	120	0
1104	1104	1	1	22	91	68	120	0
1104	1104	2	2	22	91	40	120	0
1110	1110	1	1	23	92	64	120	0
1110	1110	2	2	23	92	47	120	0
1116	1116	1	1	23	92	56	120	0
1116	1116	1	1	23	92	64	120	0
1116	1116	1	1	23	92	68	120	0
1116	1116	2	2	23	92	56	120	0
1122	1122	1	1	23	93	64	120	0
1122	1122	2	2	23	93	47	120	0
1128	1128	1	1	23	93	57	120	0
1128	1128	1	1	23	93	62	120	0
1128	1128	1	1	23	93	69	120	0
1128	1128	2	2	23	93	56	120	0
1134	1134	1	1	23	94	64	120	0
1134	1134	2	2	23	94	47	120	0
1140	1140	1	1	23	94	61	120	0
1140	1140	1	1	23	94	69	120	0
1140	1140	2	2	23	94	57	120	0
1143	1143	1	1	23	95	64	120	0
1146	1146	1	1	23	95	69	120	0
1146	1146	2	2	23	95	48	120	0
1149	1149	1	1	23	95	72	120	0
1152	1152	1	1	23	95	57	120	0
1152	1152	1	1	23	95	69	120	0
1152	1152	2	2	23	95	41	120	0
1152	1152	2	2	23	95	48	120	0
1152	1152	2	2	23	95	53	120	0
1155	1155	1	1	24	96	59	120	0
1155	1155	1	1	24	96	71	120	0
1158	1158	1	1	24	96	60	120	0
1158	1158	1	1	24	96	72	120	0
1158	1158	2	2	24	96	41	120	0
1158	1158	2	2	24	96	48	120	0
1158	1158	2	2	24	96	53	120	0
1161	1161	1	1	24	96	64	120	0
1161	1161	1	1	24	96	76	120	0
1164	1164	1	1	24	96	57	120	0
1167	1167	1	1	24	97	59	120	0
1170	1170	1	1	24	97	60	120	0
1170	1170	2	2	24	97	41	120	0
1173	1173	1	1	24	97	64	120	0
1176	1176	1	1	24	97	57	120	0
1176	1176	1	1	24	97	69	120	0
1176	1176	2	2	24	97	43	120	0
1176	1176	2	2	24	97	50	120	0
1176	1176	2	2	24	97	55	120	0
1179	1179	1	1	24	98	59	120	0
1179	1179	1	1	24	98	71	120	0
1182	1182	1	1	24	98	60	120	0
1182	1182	1	1	24	98	72	120	0
1182	1182	2	2	24	98	43	120	0
1182	1182	2	2	24	98	50	120	0
1182	1182	2	2	24	98	55	120	0
1185	1185	1	1	24	98	62	120	0
1185	1185	1	1	24	98	81	120	0
1188	1188	1	1	24	98	57	120	0
1188	1188	1	1	24	98	64	120	0
1188	1188	1	1	24	98	76	120	0
1191	1191	1	1	24	99	59	120	0
1194	1194	1	1	24	99	60	120	0
1194	1194	2	2	24	99	43	120	0
1197	1197	1	1	24	99	69	120	0
1200	1200	1	1	24	99	57	120	0
1200	1200	1	1	24	99	64	120	0
1200	1200	1	1	24	99	72	120	0
1200	1200	2	2	24	99	45	120	0
1200	1200	2	2	24	99	52	120	0
1200	1200	2	2	24	99	57	120	0
1203	1203	1	1	25	100	59	120	0
1203	1203	1	1	25	100	76	120	0
1206	1206	1	1	25	100	60	120	0
1206	1206	1	1	25	100	81	120	0
1206	1206	2	2	25	100	45	120	0
1206	1206	2	2	25	100	52	120	0
1206	1206	2	2	25	100	57	120	0
1209	1209	1	1	25	100	64	120	0
1209	1209	1	1	25	100	83	120	0
1212	1212	1	1	25	100	60	120	0
1215	1215	1	1	25	101	64	120	0
1218	1218	1	1	25	101	69	120	0
1218	1218	2	2	25	101	45	120	0
1221	1221	1	1	25	101	71	120	0
1224	1224	1	1	25	101	57	120	0
1224	1224	1	1	25	101	74	120	0
1224	1224	2	2	25	101	45	120	0
1224	1224	2	2	25	101	52	120	0
1224	1224	2	2	25	101	57	120	0
1227	1227	1	1	25	102	59	120	0
1227	1227	1	1	25	102	76	120	0
1230	1230	1	1	25	102	60	120	0
1230	1230	1	1	25	102	83	120	0
1230	1230	2	2	25	102	45	120	0
1230	1230	2	2	25	102	52	120	0
1230	1230	2	2	25	102	57	120	0
1233	1233	1	1	25	102	62	120	0
1233	1233	1	1	25	102	84	120	0
1236	1236	1	1	25	102	62	120	0
1236	1236	1	1	25	102	64	120	0
1239	1239	1	1	25	103	64	120	0
1242	1242	1	1	25	103	71	120	0
1242	1242	2	2	25	103	43	120	0
1242	1242	2	2	25	103	50	120	0
1245	1245	1	1	25	103	72	120	0
1248	1248	1	1	25	103	69	120	0
1248	1248	1	1	25	103	77	120	0
1248	1248	2	2	25	103	41	120	0
1248	1248	2	2	25	103	48	120	0
1248	1248	2	2	25	103	53	120	0
1251	1251	1	1	26	104	71	120	0
1251	1251	1	1	26	104	81	120	0
1254	1254	1	1	26	104	72	120	0
1254	1254	1	1	26	104	83	120	0
1254	1254	2	2	26	104	41	120	0
1254	1254	2	2	26	104	48	120	0
1254	1254	2	2	26	104	53	120	0
1257	1257	1	1	26	104	74	120	0
1257	1257	1	1	26	104	84	120	0
1260	1260	1	1	26	104	65	120	0
1260	1260	1	1	26	104	76	120	0
1263	1263	1	1	26	105	69	120	0
1266	1266	1	1	26	105	71	120	0
1266	1266	2	2	26	105	41	120	0
1269	1269	1	1	26	105	72	120	0
1272	1272	1	1	26	105	69	120	0
1272	1272	1	1	26	105	76	120	0
1272	1272	2	2	26	105	43	120	0
1272	1272	2	2	26	105	50	120	0
1272	1272	2	2	26	105	55	120	0
1275	1275	1	1	26	106	71	120	0
1275	1275	1	1	26	106	81	120	0
1278	1278	1	1	26	106	72	120	0
1278	1278	1	1	26	106	83	120	0
1278	1278	2	2	26	106	43	120	0
1278	1278	2	2	26	106	50	120	0
1278	1278	2	2	26	106	55	120	0
1281	1281	1	1	26	106	74	120	0
1281	1281	1	1	26	106	86	120	0
1284	1284	1	1	26	106	64	120	0
1284	1284	1	1	26	106	76	120	0
1287	1287	1	1	26	107	69	120	0
1287	1287	1	1	26	107	81	120	0
1290	1290	1	1	26	107	71	120	0
1290	1290	1	1	26	107	83	120	0
1290	1290	2	2	26	107	43	120	0
1293	1293	1	1	26	107	74	120	0
1293	1293	1	1	26	107	86	120	0
1296	1296	1	1	26	107	69	120	0
1296	1296	1	1	26	107	79	120	0
1296	1296	2	2	26	107	40	120	0
1296	1296	2	2	26	107	47	120	0
1296	1296	2	2	26	107	52	120	0
1299	1299	1	1	27	108	71	120	0
1299	1299	1	1	27	108	81	120	0
1302	1302	1	1	27	108	72	120	0
1302	1302	1	1	27	108	83	120	0
1302	1302	2	2	27	108	40	120	0
1302	1302	2	2	27	108	47	120	0
1302	1302	2	2	27	108	52	120	0
1305	1305	1	1	27	108	76	120	0
1305	1305	1	1	27	108	86	120	0
1308	1308	1	1	27	108	67	120	0
1308	1308	1	1	27	108	79	120	0
1311	1311	1	1	27	109	69	120	0
1311	1311	1	1	27	109	81	120	0
1314	1314	1	1	27	109	71	120	0
1314	1314	1	1	27	109	83	120	0
1314	1314	2	2	27	109	40	120	0
1317	1317	1	1	27	109	74	120	0
1317	1317	1	1	27	109	86	120	0
1320	1320	1	1	27	109	69	120	0
1320	1320	1	1	27	109	81	120	0
1320	1320	2	2	27	109	44	120	0
1320	1320	2	2	27	109	52	120	0
1320	1320	2	2	27	109	56	120	0
1323	1323	1	1	27	110	71	120	0
1323	1323	1	1	27	110	83	120	0
1326	1326	1	1	27	110	73	120	0
1326	1326	1	1	27	110	85	120	0
1326	1326	2	2	27	110	52	120	0
1326	1326	2	2	27	110	56	120	0
1329	1329	1	1	27	110	74	120	0
1329	1329	1	1	27	110	86	120	0
1332	1332	1	1	27	110	69	120	0
1332	1332	1	1	27	110	76	120	0
1332	1332	1	1	27	110	88	120	0
1332	1332	2	2	27	110	44	120	0
1335	1335	1	1	27	111	71	120	0
1338	1338	1	1	27	111	73	120	0
1338	1338	2	2	27	111	43	120	0
1341	1341	1	1	27	111	76	120	0
1344	1344	1	1	27	111	57	120	0
1344	1344	1	1	27	111	69	120	0
1344	1344	2	2	27	111	41	120	0
1344	1344	2	2	27	111	48	120	0
1344	1344	2	2	27	111	53	120	0
1347	1347	1	1	28	112	59	120	0
1347	1347	1	1	28	112	71	120	0
1350	1350	1	1	28	112	60	120	0
1350	1350	1	1	28	112	72	120	0
1350	1350	2	2	28	112	41	120	0
1350	1350	2	2	28	112	48	120	0
1350	1350	2	2	28	112	53	120	0
1353	1353	1	1	28	112	64	120	0
1353	1353	1	1	28	112	76	120	0
1356	1356	1	1	28	112	57	120	0
1359	1359	1	1	28	113	59	120	0
1362	1362	1	1	28	113	60	120	0
1362	1362	2	2	28	113	41	120	0
1365	1365	1	1	28	113	64	120	0
1368	1368	1	1	28	113	57	120	0
1368	1368	1	1	28	113	69	120	0
1368	1368	2	2	28	113	43	120	0
1368	1368	2	2	28	113	50	120	0
1368	1368	2	2	28	113	55	120	0
1371	1371	1	1	28	114	59	120	0
1371	1371	1	1	28	114	71	120	0
1374	1374	1	1	28	114	60	120	0
1374	1374	1	1	28	114	72	120	0
1374	1374	2	2	28	114	43	120	0
1374	1374	2	2	28	114	50	120	0
1374	1374	2	2	28	114	55	120	0
1377	1377	1	1	28	114	62	120	0
1377	1377	1	1	28	114	81	120	0
1380	1380	1	1	28	114	57	120	0
1380	1380	1	1	28	114	64	120	0
1380	1380	1	1	28	114	76	120	0
1383	1383	1	1	28	115	59	120	0
1386	1386	1	1	28	115	60	120	0
1386	1386	2	2	28	115	43	120	0
1389	1389	1	1	28	115	69	120	0
1392	1392	1	1	28	115	57	120	0
1392	1392	1	1	28	115	64	120	0
1392	1392	1	1	28	115	72	120	0
1392	1392	2	2	28	115	45	120	0
1392	1392	2	2	28	115	52	120	0
1392	1392	2	2	28	115	57	120	0
1395	1395	1	1	29	116	59	120	0
1395	1395	1	1	29	116	76	120	0
1398	1398	1	1	29	116	60	120	0
1398	1398	1	1	29	116	81	120	0
1398	1398	2	2	29	116	45	120	0
1398	1398	2	2	29	116	52	120	0
1398	1398	2	2	29	116	57	120	0
1401	1401	1	1	29	116	64	120	0
1401	1401	1	1	29	116	83	120	0
1404	1404	1	1	29	116	60	120	0
1407	1407	1	1	29	117	64	120	0
1410	1410	1	1	29	117	69	120	0
1410	1410	2	2	29	117	45	120	0
1413	1413	1	1	29	117	71	120	0
1416	1416	1	1	29	117	57	120	0
1416	1416	1	1	29	117	74	120	0
1416	1416	2	2	29	117	45	120	0
1416	1416	2	2	29	117	52	120	0
1416	1416	2	2	29	117	57	120	0
1419	1419	1	1	29	118	59	120	0
1419	1419	1	1	29	118	76	120	0
1422	1422	1	1	29	118	60	120	0
1422	1422	1	1	29	118	83	120	0
1422	1422	2	2	29	118	45	120	0
1422	1422	2	2	29	118	52	120	0
1422	1422	2	2	29	118	57	120	0
1425	1425	1	1	29	118	62	120	0
1425	1425	1	1	29	118	84	120	0
1428	1428	1	1	29	118	62	120	0
1428	1428	1	1	29	118	64	120	0
1431	1431	1	1	29	119	64	120	0
1434	1434	1	1	29	119	71	120	0
1434	1434	2	2	29	119	43	120	0
1434	1434	2	2	29	119	50	120	0
1437	1437	1	1	29	119	72	120	0
1440	1440	1	1	29	119	69	120	0
1440	1440	1	1	29	119	77	120	0
1440	1440	2	2	29	119	41	120	0
1440	1440	2	2	29	119	48	120	0
1440	1440	2	2	29	119	53	120	0
1443	1443	1	1	30	120	71	120	0
1443	1443	1	1	30	120	81	120	0
1446	1446	1	1	30	120	72	120	0
1446	1446	1	1	30	120	83	120	0
1446	1446	2	2	30	120	41	120	0
1446	1446	2	2	30	120	48	120	0
1446	1446	2	2	30	120	53	120	0
1449	1449	1	1	30	120	74	120	0
1449	1449	1	1	30	120	84	120	0
1452	1452	1	1	30	120	65	120	0
1452	1452	1	1	30	120	76	120	0
1455	1455	1	1	30	121	69	120	0
1458	1458	1	1	30	121	71	120	0
1458	1458	2	2	30	121	41	120	0
1461	1461	1	1	30	121	72	120	0
1464	1464	1	1	30	121	69	120	0
1464	1464	1	1	30	121	76	120	0
1464	1464	2	2	30	121	43	120	0
1464	1464	2	2	30	121	50	120	0
1464	1464	2	2	30	121	55	120	0
1467	1467	1	1	30	122	71	120	0
1467	1467	1	1	30	122	81	120	0
1470	1470	1	1	30	122	72	120	0
1470	1470	1	1	30	122	83	120	0
1470	1470	2	2	30	122	43	120	0
1470	1470	2	2	30	122	50	120	0
1470	1470	2	2	30	122	55	120	0
1473	1473	1	1	30	122	74	120	0
1473	1473	1	1	30	122	86	120	0
1476	1476	1	1	30	122	64	120	0
1476	1476	1	1	30	122	76	120	0
1479	1479	1	1	30	123	69	120	0
1479	1479	1	1	30	123	81	120	0
1482	1482	1	1	30	123	71	120	0
1482	1482	1	1	30	123	83	120	0
1482	1482	2	2	30	123	43	120	0
1485	1485	1	1	30	123	74	120	0
1485	1485	1	1	30	123	86	120	0
1488	1488	1	1	30	123	69	120	0
1488	1488	1	1	30	123	79	120	0
1488	1488	2	2	30	123	40	120	0
1488	1488	2	2	30	123	47	120	0
1488	1488	2	2	30	123	52	120	0
1491	1491	1	1	31	124	71	120	0
1491	1491	1	1	31	124	81	120	0
1494	1494	1	1	31	124	72	120	0
1494	1494	1	1	31	124	83	120	0
1494	1494	2	2	31	124	40	120	0
1494	1494	2	2	31	124	47	120	0
1494	1494	2	2	31	124	52	120	0
1497	1497	1	1	31	124	76	120	0
1497	1497	1	1	31	124	86	120	0
1500	1500	1	1	31	124	67	120	0
1500	1500	1	1	31	124	79	120	0
1503	1503	1	1	31	125	69	120	0
1503	1503	1	1	31	125	81	120	0
1506	1506	1	1	31	125	71	120	0
1506	1506	1	1	31	125	83	120	0
1506	1506	2	2	31	125	40	120	0
1509	1509	1	1	31	125	74	120	0
1509	1509	1	1	31	125	86	120	0
1512	1512	1	1	31	125	69	120	0
1512	1512	1	1	31	125	81	120	0
1512	1512	2	2	31	125	44	120	0
1512	1512	2	2	31	125	52	120	0
1512	1512	2	2	31	125	56	120	0
1515	1515	1	1	31	126	71	120	0
1515	1515	1	1	31	126	83	120	0
1518	1518	1	1	31	126	73	120	0
1518	1518	1	1	31	126	85	120	0
1518	1518	2	2	31	126	52	120	0
1518	1518	2	2	31	126	56	120	0
1521	1521	1	1	31	126	74	120	0
1521	1521	1	1	31	126	86	120	0
1524	1524	1	1	31	126	69	120	0
1524	1524	1	1	31	126	76	120	0
1524	1524	1	1	31	126	88	120	0
1524	1524	2	2	31	126	44	120	0
1525	1525	1	1	31	127	86	120	0
1527	1527	1	1	31	127	71	120	0
1527	1527	1	1	31	127	84	120	0
1528	1528	1	1	31	127	83	120	0
1530	1530	1	1	31	127	73	120	0
1530	1530	1	1	31	127	81	120	0
1530	1530	2	2	31	127	43	120	0
1531	1531	1	1	31	127	79	120	0
1533	1533	1	1	31	127	76	120	0
1533	1533	1	1	31	127	77	120	0
1534	1534	1	1	31	127	76	120	0
1536	1536	1	1	31	127	93	120	0
1536	1536	2	2	31	127	45	120	0
1536	1536	2	2	31	127	48	120	0
1536	1536	2	2	31	127	52	120	0
1536	1536	2	2	31	127	57	120	0
1540	1540	1	1	32	128	88	120	0
1541	1541	2	2	32	128	48	0	0
1542	1542	2	2	32	128	45	120	0
1542	1542	2	2	32	128	48	120	0
1542	1542	2	2	32	128	52	120	0
1545	1545	1	1	32	128	81	120	0
1548	1548	1	1	32	128	88	120	0
1552	1552	1	1	32	129	83	120	0
1557	1557	1	1	32	129	76	120	0
1560	1560	1	1	32	129	88	120	0
1564	1564	1	1	32	130	83	120	0
1569	1569	1	1	32	130	86	120	0
1572	1572	1	1	32	130	76	120	0
1572	1572	2	2	32	130	43	120	0
1572	1572	2	2	32	130	47	120	0
1572	1572	2	2	32	130	50	120	0
1572	1572	2	2	32	130	55	120	0
1576	1576	1	1	32	131	77	120	0
1578	1578	2	2	32	131	43	120	0
1578	1578	2	2	32	131	47	120	0
1578	1578	2	2	32	131	50	120	0
1578	1578	2	2	32	131	55	120	0
1581	1581	1	1	32	131	79	120	0
1584	1584	1	1	32	131	80	120	0
1584	1584	2	2	32	131	45	120	0
1584	1584	2	2	32	131	48	120	0
1584	1584	2	2	32	131	52	120	0
1584	1584	2	2	32	131	57	120	0
1588	1588	1	1	33	132	81	120	0
1590	1590	2	2	33	132	45	120	0
1590	1590	2	2	33	132	48	120	0
1590	1590	2	2	33	132	52	120	0
1590	1590	2	2	33	132	57	120	0
1593	1593	1	1	33	132	84	120	0
1596	1596	1	1	33	132	71	120	0
1600	1600	1	1	33	133	72	120	0
1605	1605	1	1	33	133	76	120	0
1608	1608	1	1	33	133	72	120	0
1612	1612	1	1	33	134	71	120	0
1617	1617	1	1	33	134	67	120	0
1620	1620	1	1	33	134	72	120	0
1620	1620	2	2	33	134	43	120	0
1620	1620	2	2	33	134	47	120	0
1620	1620	2	2	33	134	50	120	0
1620	1620	2	2	33	134	55	120	0
1624	1624	1	1	33	135	74	120	0
1626	1626	2	2	33	135	43	120	0
1626	1626	2	2	33	135	47	120	0
1626	1626	2	2	33	135	50	120	0
1626	1626	2	2	33	135	55	120	0
1629	1629	1	1	33	135	72	120	0
1632	1632	1	1	33	135	80	120	0
1632	1632	2	2	33	135	45	120	0
1632	1632	2	2	33	135	48	120	0
1632	1632	2	2	33	135	52	120	0
1632	1632	2	2	33	135	57	120	0
1635	1635	2	2	34	136	59	120	0
1636	1636	1	1	34	136	76	120	0
1638	1638	2	2	34	136	45	120	0
1638	1638	2	2	34	136	48	120	0
1638	1638	2	2	34	136	52	120	0
1638	1638	2	2	34	136	57	120	0
1638	1638	2	2	34	136	59	120	0
1641	1641	1	1	34	136	80	120	0
1641	1641	2	2	34	136	60	120	0
1644	1644	1	1	34	136	81	120	0
1644	1644	2	2	34	136	60	120	0
1647	1647	2	2	34	137	62	120	0
1648	1648	1	1	34	137	76	120	0
1650	1650	2	2	34	137	62	120	0
1653	1653	1	1	34	137	81	120	0
1653	1653	2	2	34	137	64	120	0
1656	1656	1	1	34	137	84	120	0
1656	1656	2	2	34	137	64	120	0
1659	1659	2	2	34	138	65	120	0
1660	1660	1	1	34	138	81	120	0
1662	1662	2	2	34	138	65	120	0
1665	1665	1	1	34	138	84	120	0
1665	1665	2	2	34	138	67	120	0
1668	1668	1	1	34	138	88	120	0
1668	1668	2	2	34	138	43	120	0
1668	1668	2	2	34	138	47	120	0
1668	1668	2	2	34	138	50	120	0
1668	1668	2	2	34	138	55	120	0
1668	1668	2	2	34	138	67	120	0
1671	1671	2	2	34	139	68	120	0
1672	1672	1	1	34	139	84	120	0
1674	1674	2	2	34	139	43	120	0
1674	1674	2	2	34	139	47	120	0
1674	1674	2	2	34	139	50	120	0
1674	1674	2	2	34	139	55	120	0
1674	1674	2	2	34	139	68	120	0
1677	1677	1	1	34	139	88	120	0
1677	1677	2	2	34	139	69	120	0
1680	1680	1	1	34	139	92	120	0
1680	1680	2	2	34	139	45	120	0
1680	1680	2	2	34	139	48	120	0
1680	1680	2	2	34	139	52	120	0
1680	1680	2	2	34	139	57	120	0
1680	1680	2	2	34	139	69	120	0
1683	1683	2	2	35	140	71	120	0
1684	1684	1	1	35	140	88	120	0
1686	1686	2	2	35	140	45	120	0
1686	1686	2	2	35	140	48	120	0
1686	1686	2	2	35	140	52	120	0
1686	1686	2	2	35	140	57	120	0
1686	1686	2	2	35	140	71	120	0
1689	1689	1	1	35	140	96	120	0
1689	1689	2	2	35	140	72	120	0
1692	1692	1	1	35	140	92	120	0
1692	1692	2	2	35	140	72	120	0
1695	1695	2	2	35	141	74	120	0
1696	1696	1	1	35	141	88	120	0
1698	1698	2	2	35	141	74	120	0
1701	1701	1	1	35	141	96	120	0
1701	1701	2	2	35	141	76	120	0
1704	1704	1	1	35	141	92	120	0
1704	1704	2	2	35	141	76	120	0
1707	1707	2	2	35	142	77	120	0
1708	1708	1	1	35	142	88	120	0
1710	1710	2	2	35	142	77	120	0
1713	1713	1	1	35	142	96	120	0
1713	1713	2	2	35	142	79	120	0
1716	1716	1	1	35	142	92	120	0
1716	1716	2	2	35	142	43	120	0
1716	1716	2	2	35	142	47	120	0
1716	1716	2	2	35	142	50	120	0
1716	1716	2	2	35	142	55	120	0
1716	1716	2	2	35	142	79	120	0
1719	1719	2	2	35	143	80	120	0
1720	1720	1	1	35	143	88	120	0
1722	1722	2	2	35	143	80	120	0
1725	1725	1	1	35	143	100	120	0
1725	1725	2	2	35	143	81	120	0
1728	1728	1	1	35	143	69	120	0
1728	1728	1	1	35	143	81	120	0
1728	1728	2	2	35	143	45	120	0
1728	1728	2	2	35	143	48	120	0
1728	1728	2	2	35	143	52	120	0
1728	1728	2	2	35	143	57	120	0
1740	1740	1	1	36	144	69	120	0
1740	1740	1	1	36	144	81	120	0
1740	1740	2	2	36	144	45	120	0
1740	1740	2	2	36	144	48	120	0
1740	1740	2	2	36	144	52	120	0
1740	1740	2	2	36	144	57	120	0
1752	1752	1	1	36	145	70	120	0
1752	1752	1	1	36	145	82	120	0
1752	1752	2	2	36	145	45	120	0
1752	1752	2	2	36	145	48	120	0
1752	1752	2	2	36	145	52	120	0
1752	1752	2	2	36	145	57	120	0
1758	1758	1	1	36	146	71	120	0
1758	1758	1	1	36	146	83	120	0
1758	1758	2	2	36	146	43	120	0
1758	1758	2	2	36	146	47	120	0
1758	1758	2	2	36	146	50	120	0
1758	1758	2	2	36	146	55	120	0
1770	1770	1	1	36	147	72	120	0
1770	1770	1	1	36	147	84	120	0
1770	1770	2	2	36	147	45	120	0
1770	1770	2	2	36	147	48	120	0
1770	1770	2	2	36	147	52	120	0
1770	1770	2	2	36	147	57	120	0
1776	1776	1	1	36	147	69	120	0
1776	1776	1	1	36	147	81	120	0
1776	1776	2	2	36	147	45	120	0
1776	1776	2	2	36	147	48	120	0
1776	1776	2	2	36	147	52	120	0
1776	1776	2	2	36	147	57	120	0
1788	1788	1	1	37	148	69	120	0
1788	1788	1	1	37	148	81	120	0
1788	1788	2	2	37	148	45	120	0
1788	1788	2	2	37	148	48	120	0
1788	1788	2	2	37	148	52	120	0
1788	1788	2	2	37	148	57	120	0
1800	1800	1	1	37	149	70	120	0
1800	1800	1	1	37	149	82	120	0
1800	1800	2	2	37	149	45	120	0
1800	1800	2	2	37	149	48	120	0
1800	1800	2	2	37	149	52	120	0
1800	1800	2	2	37	149	57	120	0
1806	1806	1	1	37	150	71	120	0
1806	1806	1	1	37	150	83	120	0
1806	1806	2	2	37	150	43	120	0
1806	1806	2	2	37	150	47	120	0
1806	1806	2	2	37	150	50	120	0
1806	1806	2	2	37	150	55	120	0
1818	1818	1	1	37	151	72	120	0
1818	1818	1	1	37	151	84	120	0
1818	1818	2	2	37	151	45	120	0
1818	1818	2	2	37	151	48	120	0
1818	1818	2	2	37	151	52	120	0
1818	1818	2	2	37	151	57	120	0
1824	1824	1	1	37	151	81	120	0
1824	1824	1	1	37	151	93	120	0
1824	1824	2	2	37	151	45	120	0
1824	1824	2	2	37	151	48	120	0
1824	1824	2	2	37	151	52	120	0
1824	1824	2	2	37	151	57	120	0
1827	1827	2	2	38	152	59	120	0
1830	1830	1	1	38	152	81	120	0
1830	1830	1	1	38	152	93	120	0
1830	1830	2	2	38	152	59	120	0
1833	1833	2	2	38	152	60	120	0
1836	1836	1	1	38	152	81	120	0
1836	1836	1	1	38	152	93	120	0
1836	1836	2	2	38	152	45	120	0
1836	1836	2	2	38	152	48	120	0
1836	1836	2	2	38	152	52	120	0
1836	1836	2	2	38	152	57	120	0
1836	1836	2	2	38	152	60	120	0
1839	1839	2	2	38	153	62	120	0
1842	1842	1	1	38	153	81	120	0
1842	1842	1	1	38	153	93	120	0
1842	1842	2	2	38	153	62	120	0
1845	1845	2	2	38	153	64	120	0
1848	1848	1	1	38	153	82	120	0
1848	1848	1	1	38	153	94	120	0
1848	1848	2	2	38	153	45	120	0
1848	1848	2	2	38	153	48	120	0
1848	1848	2	2	38	153	52	120	0
1848	1848	2	2	38	153	57	120	0
1848	1848	2	2	38	153	64	120	0
1851	1851	2	2	38	154	65	120	0
1854	1854	1	1	38	154	83	120	0
1854	1854	1	1	38	154	95	120	0
1854	1854	2	2	38	154	43	120	0
1854	1854	2	2	38	154	47	120	0
1854	1854	2	2	38	154	50	120	0
1854	1854	2	2	38	154	55	120	0
1854	1854	2	2	38	154	65	120	0
1857	1857	2	2	38	154	67	120	0
1860	1860	2	2	38	154	67	120	0
1863	1863	2	2	38	155	68	120	0
1866	1866	1	1	38	155	84	120	0
1866	1866	1	1	38	155	96	120	0
1866	1866	2	2	38	155	45	120	0
1866	1866	2	2	38	155	48	120	0
1866	1866	2	2	38	155	52	120	0
1866	1866	2	2	38	155	57	120	0
1866	1866	2	2	38	155	68	120	0
1869	1869	2	2	38	155	69	120	0
1872	1872	1	1	38	155	81	120	0
1872	1872	1	1	38	155	93	120	0
1872	1872	2	2	38	155	45	120	0
1872	1872	2	2	38	155	48	120	0
1872	1872	2	2	38	155	52	120	0
1872	1872	2	2	38	155	57	120	0
1872	1872	2	2	38	155	69	120	0
1875	1875	2	2	39	156	71	120	0
1878	1878	1	1	39	156	81	120	0
1878	1878	1	1	39	156	93	120	0
1878	1878	2	2	39	156	71	120	0
1881	1881	2	2	39	156	72	120	0
1884	1884	1	1	39	156	81	120	0
1884	1884	1	1	39	156	93	120	0
1884	1884	2	2	39	156	45	120	0
1884	1884	2	2	39	156	48	120	0
1884	1884	2	2	39	156	52	120	0
1884	1884	2	2	39	156	57	120	0
1884	1884	2	2	39	156	72	120	0
1887	1887	2	2	39	157	74	120	0
1890	1890	1	1	39	157	81	120	0
1890	1890	1	1	39	157	93	120	0
1890	1890	2	2	39	157	74	120	0
1893	1893	2	2	39	157	76	120	0
1896	1896	1	1	39	157	82	120	0
1896	1896	1	1	39	157	94	120	0
1896	1896	2	2	39	157	45	120	0
1896	1896	2	2	39	157	48	120	0
1896	1896	2	2	39	157	52	120	0
1896	1896	2	2	39	157	57	120	0
1896	1896	2	2	39	157	76	120	0
1899	1899	2	2	39	158	77	120	0
1902	1902	1	1	39	158	83	120	0
1902	1902	1	1	39	158	95	120	0
1902	1902	2	2	39	158	77	120	0
1905	1905	2	2	39	158	79	120	0
1908	1908	2	2	39	158	79	120	0
1911	1911	2	2	39	159	80	120	0
1914	1914	1	1	39	159	88	120	0
1914	1914	1	1	39	159	100	120	0
1914	1914	2	2	39	159	80	120	0
1917	1917	2	2	39	159	81	120	0
1920	1920	2	2	39	159	45	120	0
1923	1923	2	2	40	160	45	120	0
1926	1926	2	2	40	160	45	120	0
1929	1929	2	2	40	160	45	120	0
1932	1932	2	2	40	160	45	120	0
1932	1932	2	2	40	160	52	120	0
1938	1938	2	2	40	161	45	120	0
1941	1941	2	2	40	161	45	120	0
1947	1947	2	2	40	162	45	120	0
1950	1950	2	2	40	162	45	120	0
1953	1953	2	2	40	162	45	120	0
1956	1956	2	2	40	162	45	120	0
1956	1956	2	2	40	162	52	120	0
1962	1962	1	1	40	163	68	120	0
1962	1962	1	1	40	163	75	120	0
1962	1962	1	1	40	163	80	120	0
1962	1962	2	2	40	163	43	120	0
1962	1962	2	2	40	163	47	120	0
1962	1962	2	2	40	163	50	120	0
1962	1962	2	2	40	163	55	120	0
1968	1968	1	1	40	163	69	120	0
1968	1968	1	1	40	163	76	120	0
1968	1968	1	1	40	163	81	120	0
1968	1968	2	2	40	163	45	120	0
1968	1968	2	2	40	163	48	120	0
1968	1968	2	2	40	163	52	120	0
1968	1968	2	2	40	163	57	120	0
1971	1971	2	2	41	164	45	120	0
1974	1974	2	2	41	164	45	120	0
1977	1977	2	2	41	164	45	120	0
1980	1980	2	2	41	164	45	120	0
1980	1980	2	2	41	164	52	120	0
1986	1986	2	2	41	165	45	120	0
1989	1989	2	2	41	165	45	120	0
1995	1995	2	2	41	166	45	120	0
1998	1998	2	2	41	166	45	120	0
2004	2004	2	2	41	166	45	120	0
2004	2004	2	2	41	166	52	120	0
2010	2010	2	2	41	167	45	120	0
2016	2016	1	1	41	167	81	120	0
2016	2016	2	2	41	167	41	120	0
2019	2019	1	1	42	168	79	120	0
2022	2022	1	1	42	168	76	120	0
2022	2022	2	2	42	168	48	120	0
2025	2025	1	1	42	168	74	120	0
2028	2028	1	1	42	168	76	120	0
2028	2028	2	2	42	168	57	120	0
2034	2034	1	1	42	169	79	120	0
2034	2034	2	2	42	169	48	120	0
2037	2037	1	1	42	169	76	120	0
2040	2040	1	1	42	169	74	120	0
2040	2040	2	2	42	169	43	120	0
2046	2046	1	1	42	170	76	120	0
2046	2046	2	2	42	170	50	120	0
2049	2049	1	1	42	170	74	120	0
2052	2052	1	1	42	170	72	120	0
2052	2052	2	2	42	170	59	120	0
2058	2058	1	1	42	171	74	120	0
2058	2058	2	2	42	171	50	120	0
2061	2061	1	1	42	171	72	120	0
2064	2064	1	1	42	171	71	120	0
2064	2064	1	1	42	171	79	120	0
2064	2064	2	2	42	171	40	120	0
2070	2070	2	2	43	172	47	120	0
2076	2076	1	1	43	172	72	120	0
2076	2076	1	1	43	172	81	120	0
2076	2076	2	2	43	172	55	120	0
2082	2082	1	1	43	173	71	120	0
2082	2082	1	1	43	173	79	120	0
2082	2082	2	2	43	173	47	120	0
2088	2088	1	1	43	173	69	120	0
2088	2088	1	1	43	173	76	120	0
2088	2088	2	2	43	173	45	120	0
2094	2094	2	2	43	174	52	120	0
2100	2100	1	1	43	174	64	120	0
2100	2100	2	2	43	174	57	120	0
2106	2106	1	1	43	175	69	120	0
2106	2106	2	2	43	175	52	120	0
2109	2109	1	1	43	175	72	120	0
2112	2112	1	1	43	175	81	120	0
2112	2112	2	2	43	175	41	120	0
2115	2115	1	1	44	176	79	120	0
2118	2118	1	1	44	176	76	120	0
2118	2118	2	2	44	176	48	120	0
2121	2121	1	1	44	176	74	120	0
2124	2124	1	1	44	176	76	120	0
2124	2124	2	2	44	176	57	120	0
2130	2130	1	1	44	177	79	120	0
2130	2130	2	2	44	177	48	120	0
2133	2133	1	1	44	177	76	120	0
2136	2136	1	1	44	177	83	120	0
2136	2136	2	2	44	177	43	120	0
2142	2142	1	1	44	178	84	120	0
2142	2142	2	2	44	178	50	120	0
2145	2145	1	1	44	178	88	120	0
2148	2148	1	1	44	178	83	120	0
2148	2148	2	2	44	178	59	120	0
2154	2154	1	1	44	179	81	120	0
2154	2154	2	2	44	179	50	120	0
2157	2157	1	1	44	179	79	120	0
2160	2160	1	1	44	179	76	120	0
2160	2160	2	2	44	179	40	120	0
2166	2166	2	2	45	180	47	120	0
2172	2172	1	1	45	180	67	120	0
2172	2172	1	1	45	180	79	120	0
2172	2172	2	2	45	180	55	120	0
2178	2178	1	1	45	181	74	120	0
2178	2178	1	1	45	181	86	120	0
2178	2178	2	2	45	181	47	120	0
2184	2184	1	1	45	181	73	120	0
2184	2184	1	1	45	181	85	120	0
2184	2184	2	2	45	181	56	120	0
2190	2190	2	2	45	182	47	120	0
2196	2196	1	1	45	182	83	120	0
2196	2196	2	2	45	182	59	120	0
2202	2202	1	1	45	183	81	120	0
2202	2202	2	2	45	183	47	120	0
2205	2205	1	1	45	183	83	120	0
2208	2208	1	1	45	183	84	120	0
2208	2208	2	2	45	183	41	120	0
2211	2211	1	1	46	184	83	120	0
2214	2214	1	1	46	184	79	120	0
2214	2214	2	2	46	184	48	120	0
2217	2217	1	1	46	184	76	120	0
2220	2220	1	1	46	184	74	120	0
2220	2220	2	2	46	184	57	120	0
2226	2226	1	1	46	185	72	120	0
2226	2226	2	2	46	185	48	120	0
2229	2229	1	1	46	185	76	120	0
2232	2232	1	1	46	185	71	120	0
2232	2232	2	2	46	185	43	120	0
2238	2238	1	1	46	186	72	120	0
2238	2238	2	2	46	186	50	120	0
2241	2241	1	1	46	186	76	120	0
2244	2244	1	1	46	186	69	120	0
2244	2244	2	2	46	186	59	120	0
2250	2250	1	1	46	187	71	120	0
2250	2250	2	2	46	187	50	120	0
2253	2253	1	1	46	187	72	120	0
2256	2256	1	1	46	187	71	120	0
2256	2256	2	2	46	187	45	120	0
2259	2259	1	1	47	188	74	120	0
2262	2262	1	1	47	188	76	120	0
2262	2262	2	2	47	188	52	120	0
2265	2265	1	1	47	188	81	120	0
2268	2268	1	1	47	188	84	120	0
2268	2268	2	2	47	188	60	120	0
2274	2274	1	1	47	189	80	120	0
2274	2274	2	2	47	189	52	120	0
2280	2280	1	1	47	189	81	120	0
2280	2280	2	2	47	189	45	120	0
2283	2283	1	1	47	190	84	120	0
2286	2286	1	1	47	190	87	120	0
2286	2286	2	2	47	190	52	120	0
2289	2289	1	1	47	190	88	120	0
2292	2292	1	1	47	190	93	120	0
2292	2292	2	2	47	190	43	120	0
2298	2298	1	1	47	191	88	120	0
2298	2298	2	2	47	191	50	120	0
2304	2304	1	1	47	191	95	120	0
2304	2304	2	2	47	191	41	120	0
2307	2307	1	1	48	192	95	120	0
2308	2308	1	1	48	192	93	120	0
2310	2310	1	1	48	192	88	120	0
2310	2310	2	2	48	192	48	120	0
2313	2313	1	1	48	192	86	120	0
2316	2316	1	1	48	192	84	120	0
2316	2316	2	2	48	192	57	120	0
2319	2319	1	1	48	193	83	120	0
2322	2322	1	1	48	193	81	120	0
2322	2322	2	2	48	193	48	120	0
2325	2325	1	1	48	193	76	120	0
2328	2328	1	1	48	193	95	120	0
2328	2328	2	2	48	193	43	120	0
2331	2331	1	1	48	194	93	120	0
2334	2334	1	1	48	194	91	120	0
2334	2334	2	2	48	194	50	120	0
2337	2337	1	1	48	194	88	120	0
2340	2340	1	1	48	194	86	120	0
2340	2340	2	2	48	194	59	120	0
2343	2343	1	1	48	195	84	120	0
2346	2346	1	1	48	195	83	120	0
2346	2346	2	2	48	195	50	120	0
2349	2349	1	1	48	195	81	120	0
2352	2352	1	1	48	195	76	120	0
2352	2352	1	1	48	195	81	120	0
2352	2352	1	1	48	195	85	120	0
2352	2352	2	2	48	195	45	120	0
2358	2358	2	2	49	196	52	120	0
2364	2364	2	2	49	196	61	120	0
2370	2370	1	1	49	197	81	120	0
2370	2370	2	2	49	197	52	120	0
2376	2376	1	1	49	197	74	120	0
2376	2376	1	1	49	197	76	120	0
2376	2376	2	2	49	197	61	120	0
2379	2379	1	1	49	198	72	120	0
2382	2382	1	1	49	198	71	120	0
2382	2382	2	2	49	198	52	120	0
2385	2385	1	1	49	198	69	120	0
2388	2388	1	1	49	198	72	120	0
2388	2388	2	2	49	198	61	120	0
2391	2391	1	1	49	199	71	120	0
2394	2394	1	1	49	199	64	120	0
2394	2394	2	2	49	199	52	120	0
2400	2400	1	1	49	199	81	120	0
2400	2400	2	2	49	199	41	120	0
2403	2403	1	1	50	200	79	120	0
2406	2406	1	1	50	200	76	120	0
2406	2406	2	2	50	200	48	120	0
2409	2409	1	1	50	200	74	120	0
2412	2412	1	1	50	200	75	120	0
2412	2412	2	2	50	200	57	120	0
2413	2413	1	1	50	201	76	120	0
2415	2415	1	1	50	201	79	120	0
2418	2418	1	1	50	201	79	120	0
2418	2418	2	2	50	201	48	120	0
2421	2421	1	1	50	201	76	120	0
2424	2424	1	1	50	201	73	120	0
2424	2424	2	2	50	201	43	120	0
2425	2425	1	1	50	202	74	120	0
2427	2427	1	1	50	202	76	120	0
2430	2430	1	1	50	202	76	120	0
2430	2430	2	2	50	202	50	120	0
2433	2433	1	1	50	202	74	120	0
2436	2436	1	1	50	202	71	120	0
2436	2436	2	2	50	202	59	120	0
2437	2437	1	1	50	203	72	120	0
2439	2439	1	1	50	203	74	120	0
2442	2442	1	1	50	203	74	120	0
2442	2442	2	2	50	203	50	120	0
2445	2445	1	1	50	203	72	120	0
2448	2448	1	1	50	203	71	120	0
2448	2448	2	2	50	203	40	120	0
2451	2451	1	1	51	204	72	120	0
2452	2452	1	1	51	204	76	120	0
2454	2454	1	1	51	204	72	120	0
2454	2454	2	2	51	204	47	120	0
2457	2457	1	1	51	204	71	120	0
2460	2460	1	1	51	204	72	120	0
2460	2460	2	2	51	204	55	120	0
2463	2463	1	1	51	205	67	120	0
2466	2466	1	1	51	205	71	120	0
2466	2466	2	2	51	205	47	120	0
2469	2469	1	1	51	205	76	120	0
2472	2472	1	1	51	205	69	120	0
2472	2472	2	2	51	205	45	120	0
2475	2475	1	1	51	206	72	120	0
2478	2478	1	1	51	206	67	120	0
2478	2478	2	2	51	206	52	120	0
2481	2481	1	1	51	206	71	120	0
2484	2484	1	1	51	206	64	120	0
2484	2484	2	2	51	206	57	120	0
2490	2490	1	1	51	207	69	120	0
2490	2490	2	2	51	207	52	120	0
2493	2493	1	1	51	207	72	120	0
2496	2496	1	1	51	207	76	120	0
2496	2496	1	1	51	207	81	120	0
2496	2496	2	2	51	207	41	120	0
2499	2499	1	1	52	208	74	120	0
2499	2499	1	1	52	208	79	120	0
2502	2502	1	1	52	208	72	120	0
2502	2502	1	1	52	208	76	120	0
2502	2502	2	2	52	208	48	120	0
2505	2505	1	1	52	208	71	120	0
2505	2505	1	1	52	208	74	120	0
2508	2508	1	1	52	208	72	120	0
2508	2508	1	1	52	208	76	120	0
2508	2508	2	2	52	208	57	120	0
2514	2514	1	1	52	209	79	120	0
2514	2514	2	2	52	209	48	120	0
2515	2515	1	1	52	209	79	120	0
2517	2517	1	1	52	209	76	120	0
2520	2520	1	1	52	209	83	120	0
2520	2520	2	2	52	209	43	120	0
2521	2521	1	1	52	210	83	120	0
2523	2523	1	1	52	210	84	120	0
2526	2526	1	1	52	210	84	120	0
2526	2526	2	2	52	210	50	120	0
2529	2529	1	1	52	210	88	120	0
2532	2532	1	1	52	210	83	120	0
2532	2532	2	2	52	210	59	120	0
2535	2535	1	1	52	211	84	120	0
2538	2538	1	1	52	211	81	120	0
2538	2538	2	2	52	211	50	120	0
2541	2541	1	1	52	211	79	120	0
2544	2544	1	1	52	211	76	120	0
2544	2544	2	2	52	211	40	120	0
2547	2547	1	1	53	212	79	120	0
2550	2550	1	1	53	212	84	120	0
2550	2550	2	2	53	212	47	120	0
2553	2553	1	1	53	212	83	120	0
2556	2556	1	1	53	212	67	120	0
2556	2556	1	1	53	212	79	120	0
2556	2556	2	2	53	212	55	120	0
2562	2562	1	1	53	213	74	120	0
2562	2562	1	1	53	213	86	120	0
2562	2562	2	2	53	213	47	120	0
2568	2568	1	1	53	213	73	120	0
2568	2568	1	1	53	213	85	120	0
2568	2568	2	2	53	213	56	120	0
2571	2571	1	1	53	214	83	120	0
2574	2574	1	1	53	214	81	120	0
2574	2574	2	2	53	214	47	120	0
2577	2577	1	1	53	214	83	120	0
2580	2580	1	1	53	214	85	120	0
2580	2580	2	2	53	214	59	120	0
2583	2583	1	1	53	215	83	120	0
2586	2586	1	1	53	215	81	120	0
2586	2586	2	2	53	215	47	120	0
2589	2589	1	1	53	215	83	120	0
2592	2592	1	1	53	215	81	120	0
2592	2592	1	1	53	215	84	120	0
2592	2592	2	2	53	215	41	120	0
2595	2595	1	1	54	216	79	120	0
2595	2595	1	1	54	216	83	120	0
2598	2598	1	1	54	216	76	120	0
2598	2598	1	1	54	216	79	120	0
2598	2598	2	2	54	216	48	120	0
2601	2601	1	1	54	216	72	120	0
2601	2601	1	1	54	216	76	120	0
2604	2604	1	1	54	216	69	120	0
2604	2604	1	1	54	216	74	120	0
2604	2604	2	2	54	216	57	120	0
2610	2610	1	1	54	217	72	120	0
2610	2610	2	2	54	217	48	120	0
2613	2613	1	1	54	217	76	120	0
2616	2616	1	1	54	217	71	120	0
2616	2616	2	2	54	217	43	120	0
2619	2619	1	1	54	218	72	120	0
2622	2622	1	1	54	218	72	120	0
2622	2622	2	2	54	218	50	120	0
2625	2625	1	1	54	218	76	120	0
2628	2628	1	1	54	218	69	120	0
2628	2628	2	2	54	218	59	120	0
2629	2629	1	1	54	219	70	120	0
2631	2631	1	1	54	219	71	120	0
2634	2634	1	1	54	219	72	120	0
2634	2634	2	2	54	219	50	120	0
2635	2635	1	1	54	219	76	120	0
2637	2637	1	1	54	219	72	120	0
2640	2640	1	1	54	219	64	120	0
2640	2640	1	1	54	219	69	120	0
2640	2640	2	2	54	219	45	120	0
2643	2643	1	1	55	220	69	120	0
2643	2643	1	1	55	220	74	120	0
2646	2646	1	1	55	220	72	120	0
2646	2646	1	1	55	220	76	120	0
2646	2646	2	2	55	220	52	120	0
2649	2649	1	1	55	220	76	120	0
2649	2649	1	1	55	220	81	120	0
2652	2652	1	1	55	220	81	120	0
2652	2652	1	1	55	220	84	120	0
2652	2652	2	2	55	220	60	120	0
2655	2655	1	1	55	221	81	120	0
2655	2655	1	1	55	221	84	120	0
2658	2658	1	1	55	221	76	120	0
2658	2658	1	1	55	221	80	120	0
2658	2658	2	2	55	221	52	120	0
2664	2664	1	1	55	221	72	120	0
2664	2664	1	1	55	221	81	120	0
2664	2664	2	2	55	221	45	120	0
2667	2667	1	1	55	222	76	120	0
2667	2667	1	1	55	222	84	120	0
2670	2670	1	1	55	222	80	120	0
2670	2670	1	1	55	222	87	120	0
2670	2670	2	2	55	222	52	120	0
2673	2673	1	1	55	222	81	120	0
2673	2673	1	1	55	222	88	120	0
2676	2676	1	1	55	222	84	120	0
2676	2676	1	1	55	222	93	120	0
2676	2676	2	2	55	222	43	120	0
2679	2679	1	1	55	223	84	120	0
2679	2679	1	1	55	223	93	120	0
2682	2682	1	1	55	223	81	120	0
2682	2682	1	1	55	223	88	120	0
2682	2682	2	2	55	223	50	120	0
2688	2688	1	1	55	223	93	120	0
2688	2688	2	2	55	223	41	120	0
2691	2691	1	1	56	224	88	120	0
2694	2694	1	1	56	224	86	120	0
2694	2694	2	2	56	224	48	120	0
2697	2697	1	1	56	224	81	120	0
2700	2700	1	1	56	224	84	120	0
2700	2700	2	2	56	224	57	120	0
2703	2703	1	1	56	225	83	120	0
2706	2706	1	1	56	225	81	120	0
2706	2706	2	2	56	225	48	120	0
2709	2709	1	1	56	225	76	120	0
2712	2712	1	1	56	225	69	120	0
2712	2712	2	2	56	225	43	120	0
2715	2715	1	1	56	226	72	120	0
2718	2718	1	1	56	226	76	120	0
2718	2718	2	2	56	226	50	120	0
2721	2721	1	1	56	226	81	120	0
2724	2724	1	1	56	226	81	120	0
2724	2724	1	1	56	226	84	120	0
2724	2724	2	2	56	226	59	120	0
2730	2730	1	1	56	227	79	120	0
2730	2730	1	1	56	227	83	120	0
2730	2730	2	2	56	227	50	120	0
2736	2736	1	1	56	227	73	120	0
2736	2736	1	1	56	227	76	120	0
2736	2736	1	1	56	227	81	120	0
2736	2736	2	2	56	227	45	120	0
2742	2742	2	2	57	228	52	120	0
2748	2748	1	1	57	228	69	120	0
2748	2748	2	2	57	228	61	120	0
2749	2749	1	1	57	229	72	120	0
2751	2751	1	1	57	229	76	120	0
2752	2752	1	1	57	229	81	120	0
2754	2754	1	1	57	229	64	120	0
2754	2754	1	1	57	229	81	120	0
2754	2754	2	2	57	229	52	120	0
2755	2755	1	1	57	229	84	120	0
2757	2757	1	1	57	229	88	120	0
2758	2758	1	1	57	229	93	120	0
2760	2760	1	1	57	229	93	120	0
2760	2760	2	2	57	229	61	120	0
2761	2761	1	1	57	230	88	120	0
2763	2763	1	1	57	230	84	120	0
2764	2764	1	1	57	230	81	120	0
2766	2766	1	1	57	230	81	120	0
2766	2766	2	2	57	230	52	120	0
2767	2767	1	1	57	230	76	120	0
2769	2769	1	1	57	230	72	120	0
2770	2770	1	1	57	230	69	120	0
2772	2772	1	1	57	230	69	120	0
2772	2772	2	2	57	230	61	120	0
2773	2773	1	1	57	231	64	120	0
2775	2775	1	1	57	231	60	120	0
2776	2776	1	1	57	231	57	120	0
2778	2778	1	1	57	231	57	120	0
2778	2778	2	2	57	231	52	120	0
2779	2779	1	1	57	231	52	120	0
2781	2781	1	1	57	231	48	120	0
2782	2782	1	1	57	231	45	120	0
2784	2784	1	1	57	231	69	120	0
2784	2784	1	1	57	231	81	120	0
2784	2784	2	2	57	231	45	120	0
2784	2784	2	2	57	231	48	120	0
2784	2784	2	2	57	231	52	120	0
2784	2784	2	2	57	231	57	120	0
2796	2796	1	1	58	232	69	120	0
2796	2796	1	1	58	232	81	120	0
2796	2796	2	2	58	232	45	120	0
2796	2796	2	2	58	232	48	120	0
2796	2796	2	2	58	232	52	120	0
2796	2796	2	2	58	232	57	120	0
2808	2808	1	1	58	233	70	120	0
2808	2808	1	1	58	233	82	120	0
2808	2808	2	2	58	233	45	120	0
2808	2808	2	2	58	233	48	120	0
2808	2808	2	2	58	233	52	120	0
2808	2808	2	2	58	233	57	120	0
2814	2814	1	1	58	234	71	120	0
2814	2814	1	1	58	234	83	120	0
2814	2814	2	2	58	234	43	120	0
2814	2814	2	2	58	234	47	120	0
2814	2814	2	2	58	234	50	120	0
2814	2814	2	2	58	234	55	120	0
2826	2826	1	1	58	235	72	120	0
2826	2826	1	1	58	235	84	120	0
2826	2826	2	2	58	235	45	120	0
2826	2826	2	2	58	235	48	120	0
2826	2826	2	2	58	235	52	120	0
2826	2826	2	2	58	235	57	120	0
2832	2832	1	1	58	235	72	120	0
2832	2832	1	1	58	235	81	120	0
2832	2832	1	1	58	235	84	120	0
2832	2832	2	2	58	235	45	120	0
2832	2832	2	2	58	235	48	120	0
2832	2832	2	2	58	235	52	120	0
2832	2832	2	2	58	235	57	120	0
2844	2844	1	1	59	236	72	120	0
2844	2844	1	1	59	236	81	120	0
2844	2844	1	1	59	236	84	120	0
2844	2844	2	2	59	236	45	120	0
2844	2844	2	2	59	236	48	120	0
2844	2844	2	2	59	236	52	120	0
2844	2844	2	2	59	236	57	120	0
2856	2856	1	1	59	237	74	120	0
2856	2856	1	1	59	237	82	120	0
2856	2856	1	1	59	237	86	120	0
2856	2856	2	2	59	237	45	120	0
2856	2856	2	2	59	237	48	120	0
2856	2856	2	2	59	237	52	120	0
2856	2856	2	2	59	237	57	120	0
2862	2862	1	1	59	238	75	120	0
2862	2862	1	1	59	238	83	120	0
2862	2862	1	1	59	238	87	120	0
2862	2862	2	2	59	238	43	120	0
2862	2862	2	2	59	238	47	120	0
2862	2862	2	2	59	238	50	120	0
2862	2862	2	2	59	238	55	120	0
2874	2874	1	1	59	239	76	120	0
2874	2874	1	1	59	239	84	120	0
2874	2874	1	1	59	239	88	120	0
2874	2874	2	2	59	239	45	120	0
2874	2874	2	2	59	239	48	120	0
2874	2874	2	2	59	239	52	120	0
2874	2874	2	2	59	239	57	120	0
2880	2880	1	1	59	239	81	120	0
2880	2880	1	1	59	239	93	120	0
2880	2880	2	2	59	239	45	120	0
2880	2880	2	2	59	239	48	120	0
2880	2880	2	2	59	239	52	120	0
2880	2880	2	2	59	239	57	120	0
2883	2883	2	2	60	240	59	120	0
2886	2886	1	1	60	240	81	120	0
2886	2886	1	1	60	240	93	120	0
2886	2886	2	2	60	240	59	120	0
2889	2889	2	2	60	240	60	120	0
2892	2892	1	1	60	240	81	120	0
2892	2892	1	1	60	240	93	120	0
2892	2892	2	2	60	240	45	120	0
2892	2892	2	2	60	240	48	120	0
2892	2892	2	2	60	240	52	120	0
2892	2892	2	2	60	240	57	120	0
2892	2892	2	2	60	240	60	120	0
2895	2895	2	2	60	241	62	120	0
2898	2898	1	1	60	241	81	120	0
2898	2898	1	1	60	241	93	120	0
2898	2898	2	2	60	241	62	120	0
2901	2901	2	2	60	241	64	120	0
2904	2904	1	1	60	241	82	120	0
2904	2904	1	1	60	241	94	120	0
2904	2904	2	2	60	241	45	120	0
2904	2904	2	2	60	241	48	120	0
2904	2904	2	2	60	241	52	120	0
2904	2904	2	2	60	241	57	120	0
2904	2904	2	2	60	241	64	120	0
2907	2907	2	2	60	242	65	120	0
2910	2910	1	1	60	242	83	120	0
2910	2910	1	1	60	242	95	120	0
2910	2910	2	2	60	242	43	120	0
2910	2910	2	2	60	242	47	120	0
2910	2910	2	2	60	242	50	120	0
2910	2910	2	2	60	242	55	120	0
2910	2910	2	2	60	242	65	120	0
2913	2913	2	2	60	242	67	120	0
2916	2916	2	2	60	242	67	120	0
2919	2919	2	2	60	243	68	120	0
2922	2922	1	1	60	243	84	120	0
2922	2922	1	1	60	243	96	120	0
2922	2922	2	2	60	243	45	120	0
2922	2922	2	2	60	243	48	120	0
2922	2922	2	2	60	243	52	120	0
2922	2922	2	2	60	243	57	120	0
2922	2922	2	2	60	243	68	120	0
2925	2925	2	2	60	243	69	120	0
2928	2928	1	1	60	243	81	120	0
2928	2928	1	1	60	243	93	120	0
2928	2928	2	2	60	243	45	120	0
2928	2928	2	2	60	243	48	120	0
2928	2928	2	2	60	243	52	120	0
2928	2928	2	2	60	243	57	120	0
2928	2928	2	2	60	243	69	120	0
2931	2931	2	2	61	244	71	120	0
2934	2934	2	2	61	244	71	120	0
2937	2937	2	2	61	244	72	120	0
2940	2940	1	1	61	244	81	120	0
2940	2940	1	1	61	244	93	120	0
2940	2940	2	2	61	244	45	120	0
2940	2940	2	2	61	244	48	120	0
2940	2940	2	2	61	244	52	120	0
2940	2940	2	2	61	244	57	120	0
2940	2940	2	2	61	244	72	120	0
2943	2943	2	2	61	245	74	120	0
2946	2946	2	2	61	245	74	120	0
2949	2949	2	2	61	245	76	120	0
2952	2952	1	1	61	245	79	120	0
2952	2952	1	1	61	245	91	120	0
2952	2952	2	2	61	245	45	120	0
2952	2952	2	2	61	245	48	120	0
2952	2952	2	2	61	245	52	120	0
2952	2952	2	2	61	245	57	120	0
2952	2952	2	2	61	245	76	120	0
2955	2955	2	2	61	246	77	120	0
2958	2958	1	1	61	246	81	120	0
2958	2958	1	1	61	246	93	120	0
2958	2958	2	2	61	246	77	120	0
2961	2961	2	2	61	246	79	120	0
2964	2964	2	2	61	246	79	120	0
2967	2967	2	2	61	247	80	120	0
2970	2970	1	1	61	247	81	120	0
2970	2970	1	1	61	247	93	120	0
2970	2970	2	2	61	247	80	120	0
2973	2973	2	2	61	247	81	120	0
