0
0
8
8
16
16
24
24
32
32
32
32
40
40
48
48
56
56
64
64
64
64
72
72
80
80
88
88
96
96
104
104
112
112
120
120
128
128
128
128
136
136
144
144
152
152
160
160
160
160
168
168
176
176
184
184
192
192
192
192
200
200
208
208
216
216
224
224
232
232
240
240
248
248
256
256
256
256
256
256
264
264
264
264
264
272
272
272
272
272
280
280
280
280
280
280
284
284
284
288
288
288
288
288
288
292
292
296
296
296
296
296
304
304
304
304
304
304
312
312
312
312
312
316
316
320
320
320
320
320
320
320
328
328
328
328
328
328
336
336
336
336
336
336
344
344
344
344
344
348
348
352
352
352
352
356
356
360
360
360
360
360
368
368
368
368
368
368
376
376
376
376
376
376
380
380
380
384
384
384
384
384
384
384
392
392
392
392
392
400
400
400
400
400
408
408
408
408
408
408
412
412
412
416
416
416
416
416
416
420
420
424
424
424
424
424
432
432
432
432
432
432
440
440
440
440
440
444
444
448
448
448
448
448
448
448
456
456
456
456
456
456
464
464
464
464
464
464
472
472
472
472
472
476
476
480
480
480
480
484
484
488
488
488
488
488
488
496
496
496
496
496
496
496
496
500
500
504
504
504
504
504
504
504
508
508
508
512
512
512
512
512
512
512
512
520
520
520
520
520
528
528
528
528
528
536
536
536
536
536
536
540
540
540
544
544
544
544
544
544
544
544
548
548
548
548
552
552
552
552
552
552
560
560
560
560
560
560
560
568
568
568
568
568
568
568
572
572
572
572
576
576
576
576
576
576
576
576
584
584
584
584
584
584
592
592
592
592
592
592
600
600
600
600
600
604
604
608
608
608
608
612
612
616
616
616
616
616
616
624
624
624
624
624
624
624
624
628
628
632
632
632
632
632
632
632
636
636
636
640
640
640
640
640
640
640
640
648
648
648
648
648
656
656
656
656
656
656
656
664
664
664
664
664
664
664
664
668
668
668
672
672
672
672
672
672
672
672
676
676
676
676
680
680
680
680
680
680
688
688
688
688
688
688
688
692
692
696
696
696
696
696
696
700
700
704
704
704
704
704
704
704
704
712
712
712
712
712
712
720
720
720
720
720
720
728
728
728
728
728
732
732
736
736
736
736
736
740
740
744
744
744
744
744
744
752
752
752
752
752
752
752
752
756
756
760
760
760
760
760
760
760
764
764
764
768
768
768
768
768
768
768
768
776
776
776
776
776
780
780
784
784
784
784
784
784
784
792
792
792
792
792
796
796
796
800
800
800
800
800
800
800
800
800
804
804
804
804
808
808
808
808
808
816
816
816
816
816
816
816
816
824
824
824
824
824
824
824
828
828
832
832
832
832
832
832
832
832
840
840
840
840
844
844
848
848
848
848
848
848
856
856
856
856
860
860
864
864
864
864
864
864
864
868
868
872
872
872
872
872
880
880
880
880
880
880
880
880
884
884
888
888
888
888
888
896
896
896
896
896
896
896
904
904
904
904
908
908
912
912
912
912
912
912
912
912
920
920
920
920
920
920
924
924
928
928
928
928
928
928
928
928
932
932
932
932
936
936
936
936
936
944
944
944
944
944
944
944
948
948
952
952
952
952
952
960
960
960
960
960
960
960
968
968
968
968
972
972
976
976
976
976
976
976
984
984
984
984
988
988
992
992
992
992
992
992
996
996
1000
1000
1000
1000
1008
1008
1008
1008
1008
1008
1016
1016
1016
1016
1024
1024
1024
1024
1024
1024
1024
1024
1024
1024
1032
1032
1032
1032
1032
1032
1036
1036
1040
1040
1040
1040
1040
1040
1040
1040
1040
1048
1048
1048
1048
1048
1052
1052
1056
1056
1056
1056
1056
1056
1056
1056
1056
1056
1060
1060
1064
1064
1064
1064
1064
1064
1072
1072
1072
1072
1072
1072
1072
1080
1080
1080
1080
1080
1088
1088
1088
1088
1088
1088
1088
1088
1088
1092
1092
1096
1096
1096
1096
1096
1096
1100
1100
1104
1104
1104
1104
1104
1104
1104
1104
1112
1112
1112
1112
1112
1112
1112
1116
1116
1120
1120
1120
1120
1120
1120
1120
1120
1120
1124
1124
1128
1128
1128
1128
1128
1136
1136
1136
1136
1136
1136
1136
1144
1144
1144
1144
1144
1144
1144
1148
1148
1152
1152
1152
1152
1152
1152
1152
1152
1152
1160
1160
1160
1160
1160
1160
1160
1164
1164
1168
1168
1168
1168
1168
1168
1168
1168
1168
1176
1176
1176
1176
1176
1176
1176
1180
1180
1184
1184
1184
1184
1184
1184
1184
1184
1184
1188
1188
1192
1192
1192
1192
1192
1192
1192
1200
1200
1200
1200
1200
1200
1200
1200
1200
1208
1208
1208
1208
1208
1208
1208
1216
1216
1216
1216
1216
1216
1216
1216
1216
1224
1224
1224
1224
1224
1228
1228
1232
1232
1232
1232
1232
1232
1232
1240
1240
1240
1240
1240
1244
1244
1248
1248
1248
1248
1248
1248
1248
1248
1248
1252
1252
1256
1256
1256
1256
1256
1264
1264
1264
1264
1264
1264
1264
1272
1272
1272
1272
1272
1280
1280
1280
1280
1280
1280
1280
1280
1280
1288
1288
1288
1288
1288
1288
1288
1292
1292
1296
1296
1296
1296
1296
1296
1296
1296
1296
1304
1304
1304
1304
1304
1304
1304
1308
1308
1312
1312
1312
1312
1312
1312
1312
1312
1312
1316
1316
1320
1320
1320
1320
1320
1320
1320
1328
1328
1328
1328
1328
1328
1328
1336
1336
1336
1336
1336
1336
1336
1344
1344
1344
1344
1344
1344
1344
1344
1344
1348
1348
1352
1352
1352
1352
1352
1352
1352
1352
1356
1356
1360
1360
1360
1360
1360
1360
1360
1360
1368
1368
1368
1368
1368
1368
1368
1368
1368
1372
1372
1376
1376
1376
1376
1376
1376
1376
1376
1376
1380
1380
1384
1384
1384
1384
1384
1384
1384
1392
1392
1392
1392
1392
1392
1392
1400
1400
1400
1400
1400
1400
1400
1400
1400
1404
1404
1408
1408
1408
1408
1408
1408
1408
1408
1408
1416
1416
1416
1416
1416
1416
1416
1416
1416
1420
1420
1424
1424
1424
1424
1424
1424
1424
1424
1424
1432
1432
1432
1432
1432
1432
1432
1432
1432
1436
1436
1440
1440
1440
1440
1440
1440
1440
1440
1440
1444
1444
1448
1448
1448
1448
1448
1448
1448
1448
1448
1456
1456
1456
1456
1456
1456
1456
1456
1456
1464
1464
1464
1464
1464
1464
1464
1464
1464
1472
1472
1472
1472
1472
1472
1472
1472
1472
1480
1480
1480
1480
1480
1480
1480
1484
1484
1488
1488
1488
1488
1488
1488
1488
1496
1496
1496
1496
1496
1496
1496
1500
1500
1504
1504
1504
1504
1504
1504
1504
1504
1504
1508
1508
1512
1512
1512
1512
1512
1512
1512
1520
1520
1520
1520
1520
1520
1520
1528
1528
1528
1528
1528
1528
1528
1528
1528
1532
1532
1536
1536
1536
1536
1536
1536
1536
1536
1536
1536
1536
1536
1536
1544
1544
1544
1544
1548
1548
1552
1552
1552
1552
1552
1552
1552
1552
1552
1552
1552
1552
1552
1552
1552
1552
1560
1560
1560
1560
1560
1560
1560
1560
1560
1560
1560
1560
1560
1560
1560
1560
1564
1564
1564
1564
1564
1564
1564
1564
1564
1564
1564
1564
1564
1564
1568
1568
1568
1568
1568
1568
1568
1568
1568
1568
1568
1568
1568
1568
1568
1568
1568
1568
1572
1572
1572
1572
1572
1572
1572
1572
1572
1572
1572
1572
1572
1572
1576
1576
1576
1576
1576
1576
1576
1576
1576
1576
1576
1576
1576
1576
1576
1576
1576
1576
1584
1584
1584
1584
1584
1584
1584
1584
1584
1584
1584
1584
1584
1584
1584
1584
1584
1584
1592
1592
1592
1592
1592
1592
1592
1592
1592
1592
1592
1592
1592
1592
1592
1592
1592
1592
1596
1596
1596
1596
1596
1596
1596
1596
1596
1596
1596
1596
1596
1596
1600
1600
1600
1600
1600
1600
1600
1600
1600
1600
1600
1600
1600
1600
1600
1600
1600
1608
1608
1608
1608
1612
1612
1616
1616
1616
1616
1616
1616
1616
1616
1616
1616
1616
1616
1616
1616
1616
1616
1624
1624
1624
1624
1624
1624
1624
1624
1624
1624
1624
1624
1624
1624
1624
1624
1628
1628
1628
1628
1628
1628
1628
1628
1628
1628
1628
1628
1628
1628
1632
1632
1632
1632
1632
1632
1632
1632
1632
1632
1632
1632
1632
1632
1632
1632
1636
1636
1636
1636
1636
1636
1636
1636
1636
1636
1636
1636
1636
1636
1636
1640
1640
1640
1640
1640
1640
1640
1640
1640
1640
1640
1640
1640
1640
1640
1640
1640
1640
1644
1644
1648
1648
1648
1648
1648
1648
1648
1648
1648
1648
1648
1648
1648
1648
1648
1648
1648
1648
1656
1656
1656
1656
1656
1656
1656
1656
1656
1656
1656
1656
1656
1656
1656
1656
1656
1656
1660
1660
1660
1660
1660
1660
1660
1660
1660
1660
1660
1660
1660
1660
1664
1664
1664
1664
1664
1664
1664
1664
1664
1664
1664
1664
1664
1664
1664
1664
1672
1672
1672
1672
1676
1676
1680
1680
1680
1680
1680
1680
1680
1680
1680
1680
1680
1680
1680
1680
1688
1688
1688
1688
1688
1688
1688
1688
1688
1688
1688
1688
1688
1688
1692
1692
1692
1692
1692
1692
1692
1692
1692
1692
1692
1692
1696
1696
1696
1696
1696
1696
1696
1696
1696
1696
1696
1696
1696
1696
1700
1700
1700
1700
1700
1700
1700
1700
1700
1700
1700
1700
1700
1704
1704
1704
1704
1704
1704
1704
1704
1704
1704
1704
1704
1704
1704
1704
1704
1708
1708
1712
1712
1712
1712
1712
1712
1712
1712
1712
1712
1712
1712
1712
1712
1712
1712
1720
1720
1720
1720
1720
1720
1720
1720
1720
1720
1720
1720
1720
1720
1720
1720
1724
1724
1724
1724
1724
1724
1724
1724
1724
1724
1724
1724
1728
1728
1728
1728
1728
1728
1728
1728
1728
1728
1728
1728
1728
1728
1736
1736
1736
1736
1740
1740
1744
1744
1744
1744
1744
1744
1744
1744
1744
1744
1744
1744
1752
1752
1752
1752
1752
1752
1752
1752
1752
1752
1752
1752
1756
1756
1756
1756
1756
1756
1756
1756
1756
1756
1760
1760
1760
1760
1760
1760
1760
1760
1760
1760
1760
1760
1764
1764
1764
1764
1764
1764
1764
1764
1764
1764
1768
1768
1768
1768
1768
1768
1768
1768
1768
1768
1768
1768
1776
1776
1776
1776
1776
1776
1776
1776
1776
1776
1776
1776
1784
1784
1784
1784
1784
1784
1784
1784
1784
1784
1784
1784
1784
1788
1788
1788
1788
1788
1788
1788
1788
1788
1788
1792
1792
1792
1792
1792
1792
1792
1792
1792
1792
1792
1792
1792
1792
1792
1792
1800
1800
1800
1800
1804
1804
1808
1808
1808
1808
1808
1808
1808
1808
1808
1808
1808
1808
1808
1808
1808
1808
1816
1816
1816
1816
1816
1816
1816
1816
1816
1816
1816
1816
1816
1816
1816
1816
1820
1820
1820
1820
1820
1820
1820
1820
1820
1820
1820
1820
1820
1820
1824
1824
1824
1824
1824
1824
1824
1824
1824
1824
1824
1824
1824
1824
1824
1824
1824
1824
1828
1828
1828
1828
1828
1828
1828
1828
1828
1828
1828
1828
1828
1828
1832
1832
1832
1832
1832
1832
1832
1832
1832
1832
1832
1832
1832
1832
1832
1832
1832
1832
1840
1840
1840
1840
1840
1840
1840
1840
1840
1840
1840
1840
1840
1840
1840
1840
1840
1840
1848
1848
1848
1848
1848
1848
1848
1848
1848
1848
1848
1848
1848
1848
1848
1848
1848
1848
1852
1852
1852
1852
1852
1852
1852
1852
1852
1852
1852
1852
1852
1852
1856
1856
1856
1856
1856
1856
1856
1856
1856
1856
1856
1856
1856
1856
1856
1856
1856
1864
1864
1864
1864
1868
1868
1872
1872
1872
1872
1872
1872
1872
1872
1872
1872
1872
1872
1872
1872
1872
1872
1880
1880
1880
1880
1880
1880
1880
1880
1880
1880
1880
1880
1880
1880
1880
1880
1884
1884
1884
1884
1884
1884
1884
1884
1884
1884
1884
1884
1884
1884
1888
1888
1888
1888
1888
1888
1888
1888
1888
1888
1888
1888
1888
1888
1888
1888
1892
1892
1892
1892
1892
1892
1892
1892
1892
1892
1892
1892
1892
1892
1896
1896
1896
1896
1896
1896
1896
1896
1896
1896
1896
1896
1896
1896
1896
1896
1904
1904
1904
1904
1904
1904
1904
1904
1904
1904
1904
1904
1904
1904
1904
1904
1912
1912
1912
1912
1912
1912
1912
1912
1912
1912
1912
1912
1912
1912
1912
1912
1912
1916
1916
1916
1916
1916
1916
1916
1916
1916
1916
1916
1916
1916
1916
1920
1920
1920
1920
1920
1920
1920
1920
1920
1920
1920
1920
1920
1920
1920
1920
1920
1928
1928
1928
1928
1932
1932
1932
1932
1936
1936
1936
1936
1936
1936
1936
1936
1936
1936
1936
1936
1936
1936
1936
1944
1944
1944
1944
1944
1944
1944
1944
1944
1944
1944
1944
1944
1944
1944
1948
1948
1948
1948
1948
1948
1948
1948
1948
1948
1948
1948
1948
1948
1952
1952
1952
1952
1952
1952
1952
1952
1952
1952
1952
1952
1952
1952
1952
1956
1956
1956
1956
1956
1956
1956
1956
1956
1956
1956
1956
1960
1960
1960
1960
1960
1960
1960
1960
1960
1960
1960
1960
1964
1964
1968
1968
1968
1968
1968
1968
1968
1968
1968
1968
1968
1968
1968
1976
1976
1976
1976
1976
1976
1976
1976
1976
1976
1976
1976
1976
1980
1980
1980
1980
1980
1980
1980
1980
1984
1984
1984
1984
1984
1984
1984
1984
1984
1984
1984
1984
1984
1984
1984
1984
1992
1992
1992
1992
1996
1996
2000
2000
2000
2000
2000
2000
2000
2000
2000
2000
2000
2000
2000
2000
2000
2000
2008
2008
2008
2008
2008
2008
2008
2008
2008
2008
2008
2008
2008
2008
2008
2008
2012
2012
2012
2012
2012
2012
2012
2012
2012
2012
2012
2012
2012
2012
2016
2016
2016
2016
2016
2016
2016
2016
2016
2016
2016
2016
2016
2016
2016
2016
2020
2020
2020
2020
2020
2020
2020
2020
2020
2020
2020
2020
2020
2020
2024
2024
2024
2024
2024
2024
2024
2024
2024
2024
2024
2024
2024
2024
2024
2024
2032
2032
2032
2032
2032
2032
2032
2032
2032
2032
2032
2032
2032
2032
2032
2032
2040
2040
2040
2040
2040
2040
2040
2040
2040
2040
2040
2040
2040
2040
2040
2040
2040
2044
2044
2044
2044
2044
2044
2044
2044
2044
2044
2044
2044
2044
2044
2048
2048
2048
2048
2048
2048
2048
2048
2048
2048
2048
2048
2048
2048
2048
2048
2048
2048
2048
2056
2056
2056
2056
2060
2060
2064
2064
2064
2064
2064
2064
2064
2064
2064
2064
2064
2064
2064
2064
2064
2064
2072
2072
2072
2072
2072
2072
2072
2072
2072
2072
2072
2072
2072
2072
2072
2072
2076
2076
2076
2076
2076
2076
2076
2076
2076
2076
2076
2076
2076
2076
2080
2080
2080
2080
2080
2080
2080
2080
2080
2080
2080
2080
2080
2080
2080
2080
2080
2080
2084
2084
2084
2084
2084
2084
2084
2084
2084
2084
2084
2084
2084
2084
2088
2088
2088
2088
2088
2088
2088
2088
2088
2088
2088
2088
2088
2088
2088
2088
2088
2088
2096
2096
2096
2096
2096
2096
2096
2096
2096
2096
2096
2096
2096
2096
2096
2096
2096
2096
2104
2104
2104
2104
2104
2104
2104
2104
2104
2104
2104
2104
2104
2104
2104
2104
2104
2104
2108
2108
2108
2108
2108
2108
2108
2108
2108
2108
2108
2108
2112
2112
2112
2112
2112
2112
2112
2112
2112
2112
2112
2112
2112
2112
2112
2112
2112
2112
2120
2120
2120
2120
2124
2124
2128
2128
2128
2128
2128
2128
2128
2128
2128
2128
2128
2128
2128
2128
2128
2128
2128
2136
2136
2136
2136
2136
2136
2136
2136
2136
2136
2136
2136
2136
2136
2136
2136
2140
2140
2140
2140
2140
2140
2140
2140
2140
2140
2140
2140
2140
2140
2144
2144
2144
2144
2144
2144
2144
2144
2144
2144
2144
2144
2144
2144
2144
2144
2148
2148
2148
2148
2148
2148
2148
2148
2148
2148
2148
2148
2148
2148
2152
2152
2152
2152
2152
2152
2152
2152
2152
2152
2152
2152
2152
2152
2152
2152
2160
2160
2160
2160
2160
2160
2160
2160
2160
2160
2160
2160
2160
2160
2160
2160
2164
2168
2168
2168
2168
2168
2168
2168
2168
2168
2168
2168
2168
2168
2168
2168
2168
2168
2168
2172
2172
2172
2172
2172
2172
2172
2172
2172
2172
2172
2172
2172
2172
2176
2176
2176
2176
2176
2176
2176
2176
2176
2176
2176
2176
2176
2176
2176
2176
2176
2184
2184
2184
2184
2188
2188
2192
2192
2192
2192
2192
2192
2192
2192
2192
2192
2192
2192
2192
2192
2200
2200
2200
2200
2200
2200
2200
2200
2200
2200
2200
2200
2200
2200
2204
2204
2204
2204
2204
2204
2204
2204
2204
2204
2204
2204
2208
2208
2208
2208
2208
2208
2208
2208
2208
2208
2208
2208
2208
2208
2208
2212
2212
2212
2212
2212
2212
2212
2212
2212
2212
2212
2212
2216
2216
2216
2216
2216
2216
2216
2216
2216
2216
2216
2216
2216
2216
2224
2224
2224
2224
2224
2224
2224
2224
2224
2224
2224
2224
2224
2224
2224
2232
2232
2232
2232
2232
2232
2232
2232
2232
2232
2232
2232
2232
2232
2236
2236
2236
2236
2236
2236
2236
2236
2236
2236
2240
2240
2240
2240
2240
2240
2240
2240
2240
2240
2240
2240
2240
2240
2240
2248
2248
2248
2248
2252
2252
2256
2256
2256
2256
2256
2256
2256
2256
2256
2256
2256
2256
2264
2264
2264
2264
2264
2264
2264
2264
2264
2264
2264
2264
2268
2268
2268
2268
2268
2268
2268
2268
2268
2268
2272
2272
2272
2272
2272
2272
2272
2272
2272
2272
2272
2272
2276
2276
2276
2276
2276
2276
2276
2276
2276
2276
2280
2280
2280
2280
2280
2280
2280
2280
2280
2280
2280
2280
2288
2288
2288
2288
2288
2288
2288
2288
2288
2288
2288
2288
2296
2296
2296
2296
2296
2296
2296
2296
2296
2296
2296
2296
2300
2300
2300
2300
2300
2300
2300
2300
2304
2304
2304
2304
2304
2304
2304
2304
2304
2304
2304
2304
2304
2304
2304
2304
2312
2312
2316
2316
2320
2320
2320
2320
2320
2320
2320
2320
2320
2320
2320
2320
2320
2320
2320
2320
2328
2328
2328
2328
2328
2328
2328
2328
2328
2328
2328
2328
2328
2328
2332
2332
2332
2332
2332
2332
2332
2332
2332
2332
2332
2332
2332
2332
2336
2336
2336
2336
2336
2336
2336
2336
2336
2336
2336
2336
2336
2336
2336
2336
2336
2336
2340
2340
2340
2340
2340
2340
2340
2340
2340
2340
2340
2340
2340
2340
2344
2344
2344
2344
2344
2344
2344
2344
2344
2344
2344
2344
2344
2344
2344
2344
2352
2352
2352
2352
2352
2352
2352
2352
2352
2352
2352
2352
2352
2352
2352
2352
2352
2352
2360
2360
2360
2360
2360
2360
2360
2360
2360
2360
2360
2360
2360
2360
2360
2360
2364
2364
2364
2364
2364
2364
2364
2364
2364
2364
2364
2364
2368
2368
2368
2368
2368
2368
2368
2368
2368
2368
2368
2368
2368
2368
2368
2368
2368
2368
2376
2376
2380
2380
2384
2384
2384
2384
2384
2384
2384
2384
2384
2384
2384
2384
2384
2384
2384
2384
2384
2392
2392
2392
2392
2392
2392
2392
2392
2392
2392
2392
2392
2392
2392
2396
2396
2396
2396
2396
2396
2396
2396
2396
2396
2396
2396
2396
2396
2400
2400
2400
2400
2400
2400
2400
2400
2400
2400
2400
2400
2400
2400
2400
2400
2400
2404
2404
2404
2404
2404
2404
2404
2404
2404
2404
2404
2404
2404
2404
2408
2408
2408
2408
2408
2408
2408
2408
2408
2408
2408
2408
2408
2408
2408
2408
2416
2416
2416
2416
2416
2416
2416
2416
2416
2416
2416
2416
2416
2416
2416
2416
2416
2416
2424
2424
2424
2424
2424
2424
2424
2424
2424
2424
2424
2424
2424
2424
2424
2424
2428
2428
2428
2428
2428
2428
2428
2428
2428
2428
2428
2428
2432
2432
2432
2432
2432
2432
2432
2432
2432
2432
2432
2432
2432
2432
2432
2432
2432
2440
2440
2444
2444
2448
2448
2448
2448
2448
2448
2448
2448
2448
2448
2448
2448
2448
2448
2456
2456
2456
2456
2456
2456
2456
2456
2456
2456
2456
2456
2460
2460
2460
2460
2460
2460
2460
2460
2460
2460
2460
2460
2464
2464
2464
2464
2464
2464
2464
2464
2464
2464
2464
2464
2464
2464
2464
2468
2468
2468
2468
2468
2468
2468
2468
2468
2468
2472
2472
2472
2472
2472
2472
2472
2472
2472
2472
2480
2480
2480
2480
2480
2480
2480
2480
2480
2480
2480
2480
2480
2480
2488
2488
2488
2488
2488
2488
2488
2488
2488
2488
2488
2492
2492
2492
2492
2492
2492
2492
2492
2496
2496
2496
2496
2496
2496
2496
2496
2496
2496
2496
2496
2496
2496
2496
2504
2504
2504
2508
2508
2512
2512
2512
2512
2512
2512
2512
2512
2512
2512
2512
2512
2512
2512
2512
2512
2520
2520
2520
2520
2520
2520
2520
2520
2520
2520
2520
2520
2520
2520
2524
2524
2524
2524
2524
2524
2524
2524
2524
2524
2524
2524
2524
2524
2528
2528
2528
2528
2528
2528
2528
2528
2528
2528
2528
2528
2528
2528
2528
2528
2532
2532
2532
2532
2532
2532
2532
2532
2532
2532
2532
2532
2532
2532
2536
2536
2536
2536
2536
2536
2536
2536
2536
2536
2536
2536
2536
2536
2544
2544
2544
2544
2544
2544
2544
2544
2544
2544
2544
2544
2544
2544
2544
2544
2552
2552
2552
2552
2552
2552
2552
2552
2552
2552
2552
2552
2552
2552
2556
2556
2556
2556
2556
2556
2556
2556
2556
2556
2556
2556
2560
2560
2560
2560
2560
2560
2560
2560
2560
2560
2560
2568
2568
2576
2576
2592
2592
2600
2608
2608
2608
2608
2612
2612
2616
2624
2624
2624
2624
2632
2632
2640
2640
2640
2640
2648
2648
2656
2656
2656
2656
2656
2656
2660
2660
2664
2664
2664
2672
2672
2672
2672
2672
2680
2680
2680
2680
2684
2684
2688
2688
2688
2688
2688
2688
2696
2696
2696
2696
2700
2700
2704
2704
2704
2704
2704
2704
2712
2712
2712
2712
2716
2716
2720
2720
2720
2720
2720
2720
2724
2724
2728
2728
2728
2728
2728
2736
2736
2736
2736
2736
2736
2736
2736
2740
2740
2744
2744
2744
2744
2744
2752
2752
2752
2752
2752
2752
2752
2760
2760
2760
2760
2764
2764
2768
2768
2768
2768
2768
2768
2768
2768
2776
2776
2776
2776
2776
2776
2780
2780
2784
2784
2784
2784
2784
2784
2784
2784
2788
2788
2788
2788
2792
2792
2792
2792
2792
2800
2800
2800
2800
2800
2800
2800
2804
2804
2808
2808
2808
2808
2808
2816
2816
2816
2816
2816
2816
2816
2824
2824
2824
2824
2828
2828
2832
2832
2832
2832
2832
2832
2840
2840
2840
2840
2844
2844
2848
2848
2848
2848
2848
2848
2848
2852
2852
2856
2856
2856
2856
2856
2864
2864
2864
2864
2864
2864
2864
2864
2868
2868
2872
2872
2872
2872
2872
2880
2880
2880
2880
2880
2880
2880
2888
2888
2888
2888
2892
2892
2896
2896
2896
2896
2896
2896
2904
2904
2904
2904
2908
2908
2912
2912
2912
2912
2912
2912
2912
2912
2916
2916
2916
2916
2920
2920
2920
2920
2920
2928
2928
2928
2928
2928
2928
2928
2936
2936
2936
2936
2936
2936
2940
2940
2944
2944
2944
2944
2944
2944
2944
2952
2952
2952
2952
2952
2956
2956
2960
2960
2960
2960
2960
2960
2968
2968
2968
2968
2972
2972
2976
2976
2976
2976
2976
2976
2976
2980
2980
2984
2984
2984
2984
2984
2992
2992
2992
2992
2992
2992
2992
2992
2996
2996
3000
3000
3000
3000
3000
3008
3008
3008
3008
3008
3008
3008
3016
3016
3016
3016
3020
3020
3024
3024
3024
3024
3024
3024
3024
3024
3032
3032
3032
3032
3032
3032
3036
3036
3040
3040
3040
3040
3040
3040
3040
3040
3044
3044
3044
3044
3048
3048
3048
3048
3048
3056
3056
3056
3056
3056
3056
3056
3060
3060
3064
3064
3064
3064
3064
3072
3072
3072
3072
3072
3072
3072
3080
3080
3080
3080
3084
3084
3088
3088
3088
3088
3088
3088
3096
3096
3096
3096
3100
3100
3104
3104
3104
3104
3104
3104
3108
3108
3112
3112
3112
3112
3120
3120
3120
3120
3120
3120
3128
3128
3128
3128
3136
3136
3136
3136
3136
3136
3136
3136
3136
3136
3136
3136
3144
3144
3148
3148
3152
3152
3152
3152
3152
3152
3152
3152
3152
3152
3152
3152
3152
3152
3152
3152
3160
3160
3160
3160
3160
3160
3160
3160
3160
3160
3160
3160
3164
3164
3164
3164
3164
3164
3164
3164
3164
3164
3164
3164
3168
3168
3168
3168
3168
3168
3168
3168
3168
3168
3168
3168
3168
3168
3168
3172
3172
3172
3172
3172
3172
3172
3172
3172
3172
3176
3176
3176
3176
3176
3176
3176
3176
3176
3176
3184
3184
3184
3184
3184
3184
3184
3184
3184
3184
3184
3184
3192
3192
3192
3192
3192
3192
3192
3192
3192
3192
3196
3196
3196
3196
3196
3196
3196
3196
3200
3200
3200
3200
3200
3200
3200
3200
3200
3200
3200
3200
3200
3200
3200
3200
3204
3204
3208
3208
3208
3212
3212
3216
3216
3216
3216
3216
3216
3216
3216
3216
3216
3216
3216
3216
3216
3216
3216
3216
3224
3224
3224
3224
3224
3224
3224
3224
3224
3224
3224
3224
3224
3224
3224
3224
3228
3228
3228
3228
3228
3228
3228
3228
3228
3228
3228
3228
3228
3228
3232
3232
3232
3232
3232
3232
3232
3232
3232
3232
3232
3232
3232
3232
3232
3232
3232
3232
3236
3236
3236
3236
3236
3236
3236
3236
3236
3236
3236
3236
3236
3236
3240
3240
3240
3240
3240
3240
3240
3240
3240
3240
3240
3240
3240
3240
3248
3248
3248
3248
3248
3248
3248
3248
3248
3248
3248
3248
3248
3248
3248
3248
3256
3256
3256
3256
3256
3256
3256
3256
3256
3256
3256
3256
3256
3256
3256
3256
3260
3260
3260
3260
3260
3260
3260
3260
3260
3260
3260
3260
3260
3260
3264
3264
3264
3264
3264
3264
3264
3264
3264
3264
3264
3264
3264
3264
3264
3264
3264
3272
3272
3272
3272
3276
3276
3280
3280
3280
3280
3280
3280
3280
3280
3280
3280
3280
3280
3280
3280
3280
3280
3288
3288
3288
3288
3288
3288
3288
3288
3288
3288
3288
3288
3288
3288
3292
3292
3292
3292
3292
3292
3292
3292
3292
3292
3292
3292
3296
3296
3296
3296
3296
3296
3296
3296
3296
3296
3296
3296
3296
3296
3296
3296
3300
3300
3300
3300
3300
3300
3300
3300
3300
3300
3300
3300
3304
3304
3304
3304
3304
3304
3304
3304
3304
3304
3304
3304
3304
3304
3312
3312
3312
3312
3312
3312
3312
3312
3312
3312
3312
3312
3312
3312
3312
3312
3320
3320
3320
3320
3320
3320
3320
3320
3320
3320
3320
3320
3320
3324
3324
3324
3324
3324
3324
3324
3324
3328
3328
3328
3328
3328
3328
3328
3328
3328
3328
3328
3328
3328
3328
3328
3336
3336
3336
3336
3340
3340
3344
3344
3344
3344
3344
3344
3344
3344
3344
3344
3344
3344
3344
3344
3352
3352
3352
3352
3352
3352
3352
3352
3352
3352
3352
3352
3352
3352
3356
3356
3356
3356
3356
3356
3356
3356
3356
3356
3356
3356
3360
3360
3360
3360
3360
3360
3360
3360
3360
3360
3360
3360
3360
3360
3360
3364
3364
3364
3364
3364
3364
3364
3364
3364
3364
3368
3368
3368
3368
3368
3368
3368
3368
3368
3368
3368
3368
3376
3376
3376
3376
3376
3376
3376
3376
3376
3376
3376
3376
3384
3384
3384
3384
3384
3384
3384
3384
3384
3384
3384
3384
3388
3388
3388
3388
3388
3388
3388
3388
3392
3392
3392
3392
3392
3392
3392
3392
3392
3392
3392
3392
3392
3392
3392
3400
3400
3400
3400
3404
3404
3408
3408
3408
3408
3408
3408
3408
3408
3408
3408
3408
3408
3408
3408
3408
3408
3416
3416
3416
3416
3416
3416
3416
3416
3416
3416
3416
3416
3416
3416
3420
3420
3420
3420
3420
3420
3420
3420
3420
3420
3420
3420
3424
3424
3424
3424
3424
3424
3424
3424
3424
3424
3424
3424
3424
3424
3424
3428
3428
3428
3428
3428
3428
3428
3428
3428
3428
3432
3432
3432
3432
3432
3432
3432
3432
3432
3432
3432
3432
3440
3440
3440
3440
3440
3440
3440
3440
3440
3440
3440
3440
3448
3448
3448
3448
3448
3448
3448
3448
3448
3448
3448
3448
3452
3452
3452
3452
3452
3452
3452
3452
3456
3456
3456
3456
3456
3456
3456
3456
3456
3456
3456
3456
3456
3456
3456
3456
3460
3460
3464
3464
3464
3464
3464
3468
3468
3472
3472
3472
3472
3472
3472
3472
3472
3472
3472
3472
3472
3472
3472
3472
3472
3472
3480
3480
3480
3480
3480
3480
3480
3480
3480
3480
3480
3480
3480
3480
3480
3480
3480
3480
3484
3484
3484
3484
3484
3484
3484
3484
3484
3484
3484
3484
3484
3484
3488
3488
3488
3488
3488
3488
3488
3488
3488
3488
3488
3488
3488
3488
3488
3488
3488
3488
3492
3492
3492
3492
3492
3492
3492
3492
3492
3492
3492
3492
3492
3492
3496
3496
3496
3496
3496
3496
3496
3496
3496
3496
3496
3496
3496
3496
3496
3496
3504
3504
3504
3504
3504
3504
3504
3504
3504
3504
3504
3504
3504
3504
3504
3504
3512
3512
3512
3512
3512
3512
3512
3512
3512
3512
3512
3512
3512
3512
3512
3512
3512
3512
3516
3516
3516
3516
3516
3516
3516
3516
3516
3516
3516
3516
3516
3516
3520
3520
3520
3520
3520
3520
3520
3520
3520
3520
3520
3520
3520
3520
3520
3520
3520
3528
3528
3528
3528
3528
3528
3532
3532
3536
3536
3536
3536
3536
3536
3536
3536
3536
3536
3536
3536
3536
3536
3536
3536
3544
3544
3544
3544
3544
3544
3544
3544
3544
3544
3544
3544
3544
3544
3544
3544
3548
3548
3548
3548
3548
3548
3548
3548
3548
3548
3548
3548
3552
3552
3552
3552
3552
3552
3552
3552
3552
3552
3552
3552
3552
3552
3552
3552
3556
3556
3556
3556
3556
3556
3556
3556
3556
3556
3556
3556
3560
3560
3560
3560
3560
3560
3560
3560
3560
3560
3560
3560
3560
3560
3560
3560
3568
3568
3568
3568
3568
3568
3568
3568
3568
3568
3568
3568
3568
3568
3568
3568
3576
3576
3576
3576
3576
3576
3576
3576
3576
3576
3576
3576
3576
3576
3576
3580
3580
3580
3580
3580
3580
3580
3580
3584
3584
3584
3584
3584
3584
3584
3584
3584
3584
3584
3584
3584
3584
3584
3592
3592
3592
3592
3596
3596
3600
3600
3600
3600
3600
3600
3600
3600
3600
3600
3600
3600
3600
3600
3608
3608
3608
3608
3608
3608
3608
3608
3608
3608
3608
3608
3608
3608
3612
3612
3612
3612
3612
3612
3612
3612
3612
3612
3612
3612
3616
3616
3616
3616
3616
3616
3616
3616
3616
3616
3616
3616
3616
3616
3616
3620
3620
3620
3620
3620
3620
3620
3620
3620
3620
3624
3624
3624
3624
3624
3624
3624
3624
3624
3624
3624
3624
3632
3632
3632
3632
3632
3632
3632
3632
3632
3632
3632
3632
3640
3640
3640
3640
3640
3640
3640
3640
3640
3640
3640
3640
3640
3640
3644
3644
3644
3644
3644
3644
3644
3644
3644
3644
3648
3648
3648
3648
3648
3648
3648
3648
3648
3648
3648
3648
3648
3648
3648
3648
3656
3656
3656
3656
3660
3660
3664
3664
3664
3664
3664
3664
3664
3664
3664
3664
3664
3664
3664
3664
3664
3664
3672
3672
3672
3672
3672
3672
3672
3672
3672
3672
3672
3672
3672
3672
3672
3672
3676
3676
3676
3676
3676
3676
3676
3676
3676
3676
3676
3676
3676
3676
3680
3680
3680
3680
3680
3680
3680
3680
3680
3680
3680
3680
3680
3680
3680
3680
3680
3680
3684
3684
3684
3684
3684
3684
3684
3684
3684
3684
3684
3684
3684
3684
3688
3688
3688
3688
3688
3688
3688
3688
3688
3688
3688
3688
3688
3688
3688
3688
3688
3688
3696
3696
3696
3696
3696
3696
3696
3696
3696
3696
3696
3696
3696
3696
3696
3696
3696
3696
3704
3704
3704
3704
3704
3704
3704
3704
3704
3704
3704
3704
3704
3704
3704
3704
3704
3704
3708
3708
3708
3708
3708
3708
3708
3708
3708
3708
3708
3708
3708
3708
3712
3712
3712
3712
3712
3712
3712
3712
3712
3712
3712
3712
3712
3712
3712
3712
3712
3720
3720
3720
3720
3724
3724
3728
3728
3728
3728
3728
3728
3728
3728
3728
3728
3728
3728
3728
3728
3728
3728
3736
3736
3736
3736
3736
3736
3736
3736
3736
3736
3736
3736
3736
3736
3736
3736
3740
3740
3740
3740
3740
3740
3740
3740
3740
3740
3740
3740
3740
3740
3744
3744
3744
3744
3744
3744
3744
3744
3744
3744
3744
3744
3744
3744
3744
3744
3748
3748
3748
3748
3748
3748
3748
3748
3748
3748
3748
3748
3748
3748
3748
3752
3752
3752
3752
3752
3752
3752
3752
3752
3752
3752
3752
3752
3752
3752
3752
3752
3752
3756
3756
3760
3760
3760
3760
3760
3760
3760
3760
3760
3760
3760
3760
3760
3760
3760
3760
3760
3760
3768
3768
3768
3768
3768
3768
3768
3768
3768
3768
3768
3768
3768
3768
3768
3768
3768
3768
3772
3772
3772
3772
3772
3772
3772
3772
3772
3772
3772
3772
3772
3772
3776
3776
3776
3776
3776
3776
3776
3776
3776
3776
3776
3776
3776
3776
3776
3776
3784
3784
3784
3784
3788
3788
3792
3792
3792
3792
3792
3792
3792
3792
3792
3792
3792
3792
3792
3792
3800
3800
3800
3800
3800
3800
3800
3800
3800
3800
3800
3800
3800
3800
3804
3804
3804
3804
3804
3804
3804
3804
3804
3804
3804
3804
3808
3808
3808
3808
3808
3808
3808
3808
3808
3808
3808
3808
3808
3808
3812
3812
3812
3812
3812
3812
3812
3812
3812
3812
3812
3812
3812
3816
3816
3816
3816
3816
3816
3816
3816
3816
3816
3816
3816
3816
3816
3816
3816
3820
3820
3824
3824
3824
3824
3824
3824
3824
3824
3824
3824
3824
3824
3824
3824
3824
3824
3832
3832
3832
3832
3832
3832
3832
3832
3832
3832
3832
3832
3832
3832
3832
3832
3836
3836
3836
3836
3836
3836
3836
3836
3836
3836
3836
3836
3840
3840
3840
3840
3840
3840
3840
3840
3840
3840
3840
3840
3840
3840
3848
3848
3848
3848
3852
3852
3856
3856
3856
3856
3856
3856
3856
3856
3856
3856
3856
3856
3864
3864
3864
3864
3864
3864
3864
3864
3864
3864
3864
3864
3868
3868
3868
3868
3868
3868
3868
3868
3868
3868
3872
3872
3872
3872
3872
3872
3872
3872
3872
3872
3872
3872
3876
3876
3876
3876
3876
3876
3876
3876
3876
3876
3880
3880
3880
3880
3880
3880
3880
3880
3880
3880
3880
3880
3888
3888
3888
3888
3888
3888
3888
3888
3888
3888
3888
3888
3896
3896
3896
3896
3896
3896
3896
3896
3896
3896
3896
3896
3896
3900
3900
3900
3900
3900
3900
3900
3900
3900
3900
3904
3904
3904
3904
3904
3904
3904
3904
3904
3904
3904
3904
3904
3904
3904
3904
3912
3912
3912
3912
3916
3916
3920
3920
3920
3920
3920
3920
3920
3920
3920
3920
3920
3920
3920
3920
3920
3920
3928
3928
3928
3928
3928
3928
3928
3928
3928
3928
3928
3928
3928
3928
3928
3928
3932
3932
3932
3932
3932
3932
3932
3932
3932
3932
3932
3932
3932
3932
3936
3936
3936
3936
3936
3936
3936
3936
3936
3936
3936
3936
3936
3936
3936
3936
3936
3936
3940
3940
3940
3940
3940
3940
3940
3940
3940
3940
3940
3940
3940
3940
3944
3944
3944
3944
3944
3944
3944
3944
3944
3944
3944
3944
3944
3944
3944
3944
3944
3944
3952
3952
3952
3952
3952
3952
3952
3952
3952
3952
3952
3952
3952
3952
3952
3952
3952
3952
3960
3960
3960
3960
3960
3960
3960
3960
3960
3960
3960
3960
3960
3960
3960
3960
3960
3960
3964
3964
3964
3964
3964
3964
3964
3964
3964
3964
3964
3964
3964
3964
3968
3968
3968
3968
3968
3968
3968
3968
3968
3968
3968
3968
3968
3968
3968
3968
3968
3976
3976
3976
3976
3980
3980
3984
3984
3984
3984
3984
3984
3984
3984
3984
3984
3984
3984
3984
3984
3984
3984
3992
3992
3992
3992
3992
3992
3992
3992
3992
3992
3992
3992
3992
3992
3992
3992
3996
3996
3996
3996
3996
3996
3996
3996
3996
3996
3996
3996
3996
3996
4000
4000
4000
4000
4000
4000
4000
4000
4000
4000
4000
4000
4000
4000
4000
4000
4004
4004
4004
4004
4004
4004
4004
4004
4004
4004
4004
4004
4004
4004
4008
4008
4008
4008
4008
4008
4008
4008
4008
4008
4008
4008
4008
4008
4008
4008
4016
4016
4016
4016
4016
4016
4016
4016
4016
4016
4016
4016
4016
4016
4016
4016
4024
4024
4024
4024
4024
4024
4024
4024
4024
4024
4024
4024
4024
4024
4024
4024
4024
4028
4028
4028
4028
4028
4028
4028
4028
4028
4028
4028
4028
4028
4028
4032
4032
4032
4032
4032
4032
4032
4032
4032
4032
4032
4032
4032
4032
4032
4032
4032
4040
4040
4040
4040
4044
4044
4044
4044
4048
4048
4048
4048
4048
4048
4048
4048
4048
4048
4048
4048
4048
4048
4048
4056
4056
4056
4056
4056
4056
4056
4056
4056
4056
4056
4056
4056
4056
4056
4060
4060
4060
4060
4060
4060
4060
4060
4060
4060
4060
4060
4060
4060
4064
4064
4064
4064
4064
4064
4064
4064
4064
4064
4064
4064
4064
4064
4064
4068
4068
4068
4068
4068
4068
4068
4068
4068
4068
4068
4068
4072
4072
4072
4072
4072
4072
4072
4072
4072
4072
4072
4072
4076
4076
4080
4080
4080
4080
4080
4080
4080
4080
4080
4080
4080
4080
4080
4088
4088
4088
4088
4088
4088
4088
4088
4088
4088
4088
4088
4088
4092
4092
4092
4092
4092
4092
4092
4092
4096
4096
4096
4096
4096
4096
4096
4096
4096
4096
4096
4096
4096
4096
4096
4096
4104
4104
4104
4104
4108
4108
4112
4112
4112
4112
4112
4112
4112
4112
4112
4112
4112
4112
4112
4112
4112
4112
4120
4120
4120
4120
4120
4120
4120
4120
4120
4120
4120
4120
4120
4120
4120
4120
4124
4124
4124
4124
4124
4124
4124
4124
4124
4124
4124
4124
4124
4124
4128
4128
4128
4128
4128
4128
4128
4128
4128
4128
4128
4128
4128
4128
4128
4128
4132
4132
4132
4132
4132
4132
4132
4132
4132
4132
4132
4132
4132
4132
4136
4136
4136
4136
4136
4136
4136
4136
4136
4136
4136
4136
4136
4136
4136
4136
4144
4144
4144
4144
4144
4144
4144
4144
4144
4144
4144
4144
4144
4144
4144
4144
4152
4152
4152
4152
4152
4152
4152
4152
4152
4152
4152
4152
4152
4152
4152
4152
4156
4156
4156
4156
4156
4156
4156
4156
4156
4156
4156
4156
4160
4160
4160
4160
4160
4160
4160
4160
4160
4160
4160
4160
4160
4160
4160
4160
4160
4168
4168
4168
4168
4168
4168
4172
4172
4176
4176
4176
4176
4176
4176
4176
4176
4176
4176
4176
4176
4176
4176
4176
4176
4184
4184
4184
4184
4184
4184
4184
4184
4184
4184
4184
4184
4184
4184
4184
4184
4188
4188
4188
4188
4188
4188
4188
4188
4188
4188
4188
4188
4192
4192
4192
4192
4192
4192
4192
4192
4192
4192
4192
4192
4192
4192
4192
4196
4196
4196
4196
4196
4196
4196
4196
4196
4196
4200
4200
4200
4200
4200
4200
4200
4200
4200
4200
4200
4200
4200
4200
4208
4208
4208
4208
4208
4208
4208
4208
4208
4208
4208
4208
4208
4208
4216
4216
4216
4216
4216
4216
4216
4216
4216
4216
4216
4216
4216
4216
4220
4220
4220
4220
4220
4220
4220
4220
4224
4224
4224
4224
4224
4224
4224
4224
4224
4224
4224
4224
4224
4224
4224
4224
4232
4232
4232
4232
4232
4232
4236
4236
4240
4240
4240
4240
4240
4240
4240
4240
4240
4240
4240
4240
4240
4240
4240
4240
4240
4240
4248
4248
4248
4248
4248
4248
4248
4248
4248
4248
4248
4248
4248
4248
4248
4248
4248
4248
4252
4252
4252
4252
4252
4252
4252
4252
4252
4252
4252
4252
4252
4252
4256
4256
4256
4256
4256
4256
4256
4256
4256
4256
4256
4256
4256
4256
4256
4256
4256
4256
4260
4260
4260
4260
4260
4260
4260
4260
4260
4260
4260
4260
4260
4260
4264
4264
4264
4264
4264
4264
4264
4264
4264
4264
4264
4264
4264
4264
4264
4264
4264
4264
4272
4272
4272
4272
4272
4272
4272
4272
4272
4272
4272
4272
4272
4272
4272
4272
4272
4272
4280
4280
4280
4280
4280
4280
4280
4280
4280
4280
4280
4280
4280
4280
4280
4280
4280
4280
4284
4284
4284
4284
4284
4284
4284
4284
4284
4284
4284
4284
4288
4288
4288
4288
4288
4288
4288
4288
4288
4288
4288
4288
4288
4288
4288
4288
4288
4296
4296
4296
4296
4296
4296
4300
4300
4304
4304
4304
4304
4304
4304
4304
4304
4304
4304
4304
4304
4304
4304
4304
4304
4312
4312
4312
4312
4312
4312
4312
4312
4312
4312
4312
4312
4312
4312
4312
4312
4316
4316
4316
4316
4316
4316
4316
4316
4316
4316
4316
4316
4320
4320
4320
4320
4320
4320
4320
4320
4320
4320
4320
4320
4320
4320
4320
4324
4324
4324
4324
4324
4324
4324
4324
4324
4324
4328
4328
4328
4328
4328
4328
4328
4328
4328
4328
4328
4328
4328
4328
4336
4336
4336
4336
4336
4336
4336
4336
4336
4336
4336
4336
4336
4336
4344
4344
4344
4344
4344
4344
4344
4344
4344
4344
4344
4344
4344
4344
4348
4348
4348
4348
4348
4348
4348
4348
4352
4352
4352
4352
4352
4352
4352
4352
4352
4352
4352
4352
4352
4352
4352
4352
4360
4360
4360
4360
4360
4360
4364
4364
4368
4368
4368
4368
4368
4368
4368
4368
4368
4368
4368
4368
4368
4368
4368
4368
4368
4368
4376
4376
4376
4376
4376
4376
4376
4376
4376
4376
4376
4376
4376
4376
4376
4376
4376
4376
4380
4380
4380
4380
4380
4380
4380
4380
4380
4380
4380
4380
4380
4380
4384
4384
4384
4384
4384
4384
4384
4384
4384
4384
4384
4384
4384
4384
4384
4384
4384
4384
4388
4388
4388
4388
4388
4388
4388
4388
4388
4388
4388
4388
4388
4388
4392
4392
4392
4392
4392
4392
4392
4392
4392
4392
4392
4392
4392
4392
4392
4392
4392
4392
4400
4400
4400
4400
4400
4400
4400
4400
4400
4400
4400
4400
4400
4400
4400
4400
4400
4400
4408
4408
4408
4408
4408
4408
4408
4408
4408
4408
4408
4408
4408
4408
4408
4408
4408
4408
4412
4412
4412
4412
4412
4412
4412
4412
4412
4412
4412
4412
4416
4416
4416
4416
4416
4416
4416
4416
4416
4416
4416
4416
4416
4416
4416
4416
4416
4424
4424
4424
4424
4424
4424
4428
4428
4432
4432
4432
4432
4432
4432
4432
4432
4432
4432
4432
4432
4432
4432
4432
4432
4440
4440
4440
4440
4440
4440
4440
4440
4440
4440
4440
4440
4440
4440
4440
4440
4444
4444
4444
4444
4444
4444
4444
4444
4444
4444
4444
4444
4448
4448
4448
4448
4448
4448
4448
4448
4448
4448
4448
4448
4448
4448
4448
4452
4452
4452
4452
4452
4452
4452
4452
4452
4452
4456
4456
4456
4456
4456
4456
4456
4456
4456
4456
4456
4456
4456
4456
4464
4464
4464
4464
4464
4464
4464
4464
4464
4464
4464
4464
4464
4464
4472
4472
4472
4472
4472
4472
4472
4472
4472
4472
4472
4472
4472
4472
4476
4476
4476
4476
4476
4476
4476
4476
4480
4480
4480
4480
4480
4480
4480
4480
4480
4480
4480
4480
4480
4480
4480
4480
4488
4488
4488
4488
4488
4488
4492
4492
4496
4496
4496
4496
4496
4496
4496
4496
4496
4496
4496
4496
4496
4496
4496
4496
4496
4496
4504
4504
4504
4504
4504
4504
4504
4504
4504
4504
4504
4504
4504
4504
4504
4504
4504
4504
4508
4508
4508
4508
4508
4508
4508
4508
4508
4508
4508
4508
4508
4508
4512
4512
4512
4512
4512
4512
4512
4512
4512
4512
4512
4512
4512
4512
4512
4512
4512
4512
4516
4516
4516
4516
4516
4516
4516
4516
4516
4516
4516
4516
4516
4516
4520
4520
4520
4520
4520
4520
4520
4520
4520
4520
4520
4520
4520
4520
4520
4520
4520
4520
4528
4528
4528
4528
4528
4528
4528
4528
4528
4528
4528
4528
4528
4528
4528
4528
4528
4528
4536
4536
4536
4536
4536
4536
4536
4536
4536
4536
4536
4536
4536
4536
4536
4536
4536
4536
4540
4540
4540
4540
4540
4540
4540
4540
4540
4540
4540
4540
4544
4544
4544
4544
4544
4544
4544
4544
4544
4544
4544
4544
4544
4544
4544
4544
4544
4552
4552
4552
4552
4552
4552
4556
4556
4560
4560
4560
4560
4560
4560
4560
4560
4560
4560
4560
4560
4560
4560
4560
4560
4568
4568
4568
4568
4568
4568
4568
4568
4568
4568
4568
4568
4568
4568
4568
4568
4572
4572
4572
4572
4572
4572
4572
4572
4572
4572
4572
4572
4576
4576
4576
4576
4576
4576
4576
4576
4576
4576
4576
4576
4576
4576
4576
4576
4580
4580
4580
4580
4580
4580
4580
4580
4580
4580
4580
4580
4584
4584
4584
4584
4584
4584
4584
4584
4584
4584
4584
4584
4584
4584
4584
4584
4592
4592
4592
4592
4592
4592
4592
4592
4592
4592
4592
4592
4592
4592
4592
4592
4600
4600
4600
4600
4600
4600
4600
4600
4600
4600
4600
4600
4600
4600
4600
4600
4604
4604
4604
4604
4604
4604
4604
4604
4604
4604
4608
4608
4608
4608
4608
4608
4608
4608
4608
4608
4608
4608
4608
4608
4608
4616
4616
4616
4616
4616
4616
4620
4620
4624
4624
4624
4624
4624
4624
4624
4624
4624
4624
4624
4624
4624
4624
4632
4632
4632
4632
4632
4632
4632
4632
4632
4632
4632
4632
4632
4632
4636
4636
4636
4636
4636
4636
4636
4636
4636
4636
4640
4640
4640
4640
4640
4640
4640
4640
4640
4640
4640
4640
4640
4640
4644
4644
4644
4644
4644
4644
4644
4644
4644
4644
4648
4648
4648
4648
4648
4648
4648
4648
4648
4648
4648
4648
4648
4648
4656
4656
4656
4656
4656
4656
4656
4656
4656
4656
4656
4656
4656
4656
4664
4664
4664
4664
4664
4664
4664
4664
4664
4664
4664
4664
4664
4664
4664
4668
4668
4668
4668
4668
4668
4668
4668
4668
4668
4672
4672
4672
4672
4672
4672
4672
4672
4672
4672
4672
4672
4672
4672
4672
4672
4672
4680
4680
4680
4680
4684
4684
4688
4688
4688
4688
4688
4688
4688
4688
4688
4688
4688
4688
4688
4688
4688
4688
4696
4696
4696
4696
4696
4696
4696
4696
4696
4696
4696
4696
4696
4696
4696
4696
4700
4700
4700
4700
4700
4700
4700
4700
4700
4700
4700
4700
4700
4700
4704
4704
4704
4704
4704
4704
4704
4704
4704
4704
4704
4704
4704
4704
4704
4704
4704
4704
4708
4708
4708
4708
4708
4708
4708
4708
4708
4708
4708
4708
4708
4708
4712
4712
4712
4712
4712
4712
4712
4712
4712
4712
4712
4712
4712
4712
4712
4712
4712
4712
4720
4720
4720
4720
4720
4720
4720
4720
4720
4720
4720
4720
4720
4720
4720
4720
4720
4720
4728
4728
4728
4728
4728
4728
4728
4728
4728
4728
4728
4728
4728
4728
4728
4728
4728
4728
4732
4732
4732
4732
4732
4732
4732
4732
4732
4732
4732
4732
4732
4732
4736
4736
4736
4736
4736
4736
4736
4736
4736
4736
4736
4736
4736
4736
4736
4736
4736
4744
4744
4744
4744
4748
4748
4752
4752
4752
4752
4752
4752
4752
4752
4752
4752
4752
4752
4752
4752
4752
4752
4760
4760
4760
4760
4760
4760
4760
4760
4760
4760
4760
4760
4760
4760
4760
4760
4764
4764
4764
4764
4764
4764
4764
4764
4764
4764
4764
4764
4764
4764
4768
4768
4768
4768
4768
4768
4768
4768
4768
4768
4768
4768
4768
4768
4768
4768
4772
4772
4772
4772
4772
4772
4772
4772
4772
4772
4772
4772
4772
4772
4772
4776
4776
4776
4776
4776
4776
4776
4776
4776
4776
4776
4776
4776
4776
4776
4776
4776
4776
4780
4780
4784
4784
4784
4784
4784
4784
4784
4784
4784
4784
4784
4784
4784
4784
4784
4784
4784
4784
4792
4792
4792
4792
4792
4792
4792
4792
4792
4792
4792
4792
4792
4792
4792
4792
4792
4792
4796
4796
4796
4796
4796
4796
4796
4796
4796
4796
4796
4796
4796
4796
4800
4800
4800
4800
4800
4800
4800
4800
4800
4800
4800
4800
4800
4800
4800
4800
4808
4808
4808
4808
4812
4812
4816
4816
4816
4816
4816
4816
4816
4816
4816
4816
4816
4816
4816
4816
4824
4824
4824
4824
4824
4824
4824
4824
4824
4824
4824
4824
4824
4824
4828
4828
4828
4828
4828
4828
4828
4828
4828
4828
4828
4828
4832
4832
4832
4832
4832
4832
4832
4832
4832
4832
4832
4832
4832
4832
4836
4836
4836
4836
4836
4836
4836
4836
4836
4836
4836
4836
4836
4840
4840
4840
4840
4840
4840
4840
4840
4840
4840
4840
4840
4840
4840
4840
4840
4844
4844
4848
4848
4848
4848
4848
4848
4848
4848
4848
4848
4848
4848
4848
4848
4848
4848
4856
4856
4856
4856
4856
4856
4856
4856
4856
4856
4856
4856
4856
4856
4856
4856
4860
4860
4860
4860
4860
4860
4860
4860
4860
4860
4860
4860
4864
4864
4864
4864
4864
4864
4864
4864
4864
4864
4864
4864
4864
4864
4872
4872
4872
4872
4876
4876
4880
4880
4880
4880
4880
4880
4880
4880
4880
4880
4880
4880
4888
4888
4888
4888
4888
4888
4888
4888
4888
4888
4888
4888
4892
4892
4892
4892
4892
4892
4892
4892
4892
4892
4896
4896
4896
4896
4896
4896
4896
4896
4896
4896
4896
4896
4900
4900
4900
4900
4900
4900
4900
4900
4900
4900
4904
4904
4904
4904
4904
4904
4904
4904
4904
4904
4904
4904
4912
4912
4912
4912
4912
4912
4912
4912
4912
4912
4912
4912
4920
4920
4920
4920
4920
4920
4920
4920
4920
4920
4920
4920
4920
4924
4924
4924
4924
4924
4924
4924
4924
4924
4924
4928
4928
4928
4928
4928
4928
4928
4928
4928
4928
4928
4928
4928
4928
4928
4928
4936
4936
4936
4936
4940
4940
4944
4944
4944
4944
4944
4944
4944
4944
4944
4944
4944
4944
4944
4944
4944
4944
4952
4952
4952
4952
4952
4952
4952
4952
4952
4952
4952
4952
4952
4952
4952
4952
4956
4956
4956
4956
4956
4956
4956
4956
4956
4956
4956
4956
4956
4956
4960
4960
4960
4960
4960
4960
4960
4960
4960
4960
4960
4960
4960
4960
4960
4960
4960
4960
4964
4964
4964
4964
4964
4964
4964
4964
4964
4964
4964
4964
4964
4964
4968
4968
4968
4968
4968
4968
4968
4968
4968
4968
4968
4968
4968
4968
4968
4968
4968
4968
4976
4976
4976
4976
4976
4976
4976
4976
4976
4976
4976
4976
4976
4976
4976
4976
4976
4976
4984
4984
4984
4984
4984
4984
4984
4984
4984
4984
4984
4984
4984
4984
4984
4984
4984
4984
4988
4988
4988
4988
4988
4988
4988
4988
4988
4988
4988
4988
4988
4988
4992
4992
4992
4992
4992
4992
4992
4992
4992
4992
4992
4992
4992
4992
4992
4992
4992
5000
5000
5000
5000
5004
5004
5008
5008
5008
5008
5008
5008
5008
5008
5008
5008
5008
5008
5008
5008
5008
5008
5016
5016
5016
5016
5016
5016
5016
5016
5016
5016
5016
5016
5016
5016
5016
5016
5020
5020
5020
5020
5020
5020
5020
5020
5020
5020
5020
5020
5020
5020
5024
5024
5024
5024
5024
5024
5024
5024
5024
5024
5024
5024
5024
5024
5024
5024
5028
5028
5028
5028
5028
5028
5028
5028
5028
5028
5028
5028
5028
5028
5032
5032
5032
5032
5032
5032
5032
5032
5032
5032
5032
5032
5032
5032
5032
5032
5040
5040
5040
5040
5040
5040
5040
5040
5040
5040
5040
5040
5040
5040
5040
5040
5048
5048
5048
5048
5048
5048
5048
5048
5048
5048
5048
5048
5048
5048
5048
5048
5048
5052
5052
5052
5052
5052
5052
5052
5052
5052
5052
5052
5052
5052
5052
5056
5056
5056
5056
5056
5056
5056
5056
5056
5056
5056
5056
5056
5056
5056
5056
5056
5064
5064
5064
5064
5068
5068
5068
5068
5072
5072
5072
5072
5072
5072
5072
5072
5072
5072
5072
5072
5072
5072
5072
5080
5080
5080
5080
5080
5080
5080
5080
5080
5080
5080
5080
5080
5080
5080
5084
5084
5084
5084
5084
5084
5084
5084
5084
5084
5084
5084
5084
5084
5088
5088
5088
5088
5088
5088
5088
5088
5088
5088
5088
5088
5088
5088
5088
5092
5092
5092
5092
5092
5092
5092
5092
5092
5092
5092
5092
5096
5096
5096
5096
5096
5096
5096
5096
5096
5096
5096
5096
5100
5100
5104
5104
5104
5104
5104
5104
5104
5104
5104
5104
5104
5104
5104
5112
5112
5112
5112
5112
5112
5112
5112
5112
5112
5112
5112
5112
5116
5116
5116
5116
5116
5116
5116
5116
5120
5120
5120
5120
5120
5120
5120
5120
5120
5120
5120
5120
5120
5120
5120
5120
5128
5128
5128
5128
5132
5132
5136
5136
5136
5136
5136
5136
5136
5136
5136
5136
5136
5136
5136
5136
5136
5136
5144
5144
5144
5144
5144
5144
5144
5144
5144
5144
5144
5144
5144
5144
5144
5144
5148
5148
5148
5148
5148
5148
5148
5148
5148
5148
5148
5148
5148
5148
5152
5152
5152
5152
5152
5152
5152
5152
5152
5152
5152
5152
5152
5152
5152
5152
5152
5156
5156
5156
5156
5156
5156
5156
5156
5156
5156
5156
5156
5156
5156
5160
5160
5160
5160
5160
5160
5160
5160
5160
5160
5160
5160
5160
5160
5160
5160
5168
5168
5168
5168
5168
5168
5168
5168
5168
5168
5168
5168
5168
5168
5168
5168
5176
5176
5176
5176
5176
5176
5176
5176
5176
5176
5176
5176
5176
5176
5176
5176
5176
5180
5180
5180
5180
5180
5180
5180
5180
5180
5180
5180
5180
5180
5180
5184
5184
5184
5184
5184
5184
5184
5184
5184
5184
5184
5184
5184
5184
5184
5184
5184
5184
5192
5192
5192
5192
5196
5196
5200
5200
5200
5200
5200
5200
5200
5200
5200
5200
5200
5200
5200
5200
5200
5200
5208
5208
5208
5208
5208
5208
5208
5208
5208
5208
5208
5208
5208
5208
5208
5208
5212
5212
5212
5212
5212
5212
5212
5212
5212
5212
5212
5212
5212
5212
5216
5216
5216
5216
5216
5216
5216
5216
5216
5216
5216
5216
5216
5216
5216
5216
5216
5216
5220
5220
5220
5220
5220
5220
5220
5220
5220
5220
5220
5220
5220
5220
5224
5224
5224
5224
5224
5224
5224
5224
5224
5224
5224
5224
5224
5224
5224
5224
5224
5224
5232
5232
5232
5232
5232
5232
5232
5232
5232
5232
5232
5232
5232
5232
5232
5232
5232
5232
5240
5240
5240
5240
5240
5240
5240
5240
5240
5240
5240
5240
5240
5240
5240
5240
5240
5240
5244
5244
5244
5244
5244
5244
5244
5244
5244
5244
5244
5244
5244
5244
5248
5248
5248
5248
5248
5248
5248
5248
5248
5248
5248
5248
5248
5248
5248
5248
5248
5256
5256
5256
5256
5260
5260
5264
5264
5264
5264
5264
5264
5264
5264
5264
5264
5264
5264
5264
5264
5264
5264
5272
5272
5272
5272
5272
5272
5272
5272
5272
5272
5272
5272
5272
5272
5272
5272
5276
5276
5276
5276
5276
5276
5276
5276
5276
5276
5276
5276
5276
5276
5280
5280
5280
5280
5280
5280
5280
5280
5280
5280
5280
5280
5280
5280
5280
5280
5284
5284
5284
5284
5284
5284
5284
5284
5284
5284
5284
5284
5284
5284
5284
5288
5288
5288
5288
5288
5288
5288
5288
5288
5288
5288
5288
5288
5288
5288
5288
5288
5288
5292
5292
5296
5296
5296
5296
5296
5296
5296
5296
5296
5296
5296
5296
5296
5296
5296
5296
5296
5296
5304
5304
5304
5304
5304
5304
5304
5304
5304
5304
5304
5304
5304
5304
5304
5304
5304
5304
5308
5308
5308
5308
5308
5308
5308
5308
5308
5308
5308
5308
5308
5308
5312
5312
5312
5312
5312
5312
5312
5312
5312
5312
5312
5312
5312
5312
5312
5312
5320
5320
5320
5320
5324
5324
5328
5328
5328
5328
5328
5328
5328
5328
5328
5328
5328
5328
5328
5328
5336
5336
5336
5336
5336
5336
5336
5336
5336
5336
5336
5336
5336
5336
5340
5340
5340
5340
5340
5340
5340
5340
5340
5340
5340
5340
5344
5344
5344
5344
5344
5344
5344
5344
5344
5344
5344
5344
5344
5344
5348
5348
5348
5348
5348
5348
5348
5348
5348
5348
5348
5348
5348
5352
5352
5352
5352
5352
5352
5352
5352
5352
5352
5352
5352
5352
5352
5352
5352
5356
5356
5360
5360
5360
5360
5360
5360
5360
5360
5360
5360
5360
5360
5360
5360
5360
5360
5368
5368
5368
5368
5368
5368
5368
5368
5368
5368
5368
5368
5368
5368
5368
5368
5372
5372
5372
5372
5372
5372
5372
5372
5372
5372
5372
5372
5376
5376
5376
5376
5376
5376
5376
5376
5376
5376
5376
5376
5376
5384
5384
5388
5388
5392
5392
5392
5392
5392
5392
5392
5392
5392
5392
5400
5400
5400
5400
5400
5400
5400
5400
5400
5400
5404
5404
5404
5404
5404
5404
5404
5404
5404
5404
5408
5408
5408
5408
5408
5408
5408
5408
5408
5408
5412
5412
5412
5412
5412
5412
5412
5412
5412
5412
5416
5416
5416
5416
5416
5416
5416
5416
5416
5416
5424
5424
5424
5424
5424
5424
5424
5424
5424
5424
5432
5432
5432
5432
5432
5432
5432
5432
5432
5432
5432
5436
5436
5436
5436
5436
5436
5436
5436
5436
5436
5440
5440
5440
5440
5440
5440
5440
5440
5440
5440
5440
5440
5440
5440
5448
5448
5452
5452
5456
5456
5456
5456
5456
5456
5456
5456
5456
5456
5456
5456
5456
5456
5464
5464
5464
5464
5464
5464
5464
5464
5464
5464
5464
5464
5464
5464
5468
5468
5468
5468
5468
5468
5468
5468
5468
5468
5468
5468
5468
5468
5472
5472
5472
5472
5472
5472
5472
5472
5472
5472
5472
5472
5472
5472
5472
5472
5476
5476
5476
5476
5476
5476
5476
5476
5476
5476
5476
5476
5476
5476
5480
5480
5480
5480
5480
5480
5480
5480
5480
5480
5480
5480
5480
5480
5480
5480
5488
5488
5488
5488
5488
5488
5488
5488
5488
5488
5488
5488
5488
5488
5488
5488
5496
5496
5496
5496
5496
5496
5496
5496
5496
5496
5496
5496
5496
5496
5496
5496
5500
5500
5500
5500
5500
5500
5500
5500
5500
5500
5500
5500
5500
5500
5504
5504
5504
5504
5504
5504
5504
5504
5504
5504
5504
5504
5504
5504
5504
5512
5512
5516
5516
5520
5520
5520
5520
5520
5520
5520
5520
5520
5520
5520
5520
5520
5520
5528
5528
5528
5528
5528
5528
5528
5528
5528
5528
5528
5528
5528
5528
5532
5532
5532
5532
5532
5532
5532
5532
5532
5532
5532
5532
5532
5532
5536
5536
5536
5536
5536
5536
5536
5536
5536
5536
5536
5536
5536
5536
5540
5540
5540
5540
5540
5540
5540
5540
5540
5540
5540
5540
5540
5540
5544
5544
5544
5544
5544
5544
5544
5544
5544
5544
5544
5544
5544
5544
5552
5552
5552
5552
5552
5552
5552
5552
5552
5552
5552
5552
5552
5552
5560
5560
5560
5560
5560
5560
5560
5560
5560
5560
5560
5560
5560
5560
5560
5564
5564
5564
5564
5564
5564
5564
5564
5564
5564
5564
5564
5564
5564
5568
5568
5568
5568
5568
5568
5568
5568
5568
5568
5568
5568
5568
5568
5568
5576
5576
5580
5580
5580
5580
5584
5584
5584
5584
5584
5584
5584
5584
5584
5584
5584
5584
5584
5592
5592
5592
5592
5592
5592
5592
5592
5592
5592
5592
5592
5592
5596
5596
5596
5596
5596
5596
5596
5596
5596
5596
5596
5596
5596
5596
5600
5600
5600
5600
5600
5600
5600
5600
5600
5600
5600
5600
5600
5604
5604
5604
5604
5604
5604
5604
5604
5604
5604
5604
5604
5608
5608
5608
5608
5608
5608
5608
5608
5608
5608
5612
5612
5616
5616
5616
5616
5616
5616
5616
5616
5616
5616
5616
5624
5624
5624
5624
5624
5624
5624
5624
5624
5624
5624
5628
5628
5628
5628
5628
5628
5628
5628
5632
5632
5632
5632
5632
5632
5632
5632
5632
5632
5632
5632
5632
5632
5640
5640
5644
5644
5648
5648
5648
5648
5648
5648
5648
5648
5648
5648
5648
5648
5648
5648
5656
5656
5656
5656
5656
5656
5656
5656
5656
5656
5656
5656
5656
5656
5660
5660
5660
5660
5660
5660
5660
5660
5660
5660
5660
5660
5660
5660
5664
5664
5664
5664
5664
5664
5664
5664
5664
5664
5664
5664
5664
5664
5668
5668
5668
5668
5668
5668
5668
5668
5668
5668
5668
5668
5668
5668
5672
5672
5672
5672
5672
5672
5672
5672
5672
5672
5672
5672
5672
5672
5680
5680
5680
5680
5680
5680
5680
5680
5680
5680
5680
5680
5680
5680
5688
5688
5688
5688
5688
5688
5688
5688
5688
5688
5688
5688
5688
5688
5692
5692
5692
5692
5692
5692
5692
5692
5692
5692
5692
5692
5696
5696
5696
5696
5696
5696
5696
5696
