0		64		127
250		64		0
300		71		127
550		71		0
600		79		127
600		76		127
850		79		0
850		76		0
900		86		127
900		71		127
1150		71		0
1200		60		127
1450		60		0
1450		67		127
1650		86		0
1750		78		127
1750		67		0
1750		72		127
2000		78		0
2000		72		0
2050		79		127
2050		67		127
2300		67		0
2350		55		127
2600		55		0
2650		62		127
2900		62		0
2900		67		127
3100		79		0
3200		67		0
3200		62		127
3200		79		127
3450		62		0
3450		79		0
3500		54		127
3500		84		127
3750		54		0
3750		84		0
3800		62		127
3800		83		127
3900		83		0
3900		84		127
4000		84		0
4000		83		127
4050		62		0
4100		83		0
4100		81		127
4100		67		127
4350		79		127
4350		62		127
4350		67		0
4350		81		0
4650		62		0
4650		64		127
4900		64		0
4950		71		127
5200		79		0
5200		71		0
5250		79		127
5250		76		127
5500		79		0
5500		76		0
5550		86		127
5550		71		127
5800		60		127
5800		71		0
6100		67		127
6100		60		0
6300		86		0
6350		67		0
6400		74		127
6400		78		127
6650		78		0
6650		74		0
6700		67		127
6700		79		127
6950		67		0
7000		55		127
7250		55		0
7250		62		127
7550		62		0
7550		67		127
7750		79		0
7800		67		0
7850		62		127
7850		79		127
8100		62		0
8100		79		0
8150		54		127
8150		91		127
8400		54		0
8450		62		127
8550		91		0
8550		90		127
8700		62		0
8700		67		127
9000		67		0
9000		62		127
9000		90		0
9000		86		127
9250		86		0
9250		62		0
9300		64		127
9550		64		0
9600		71		127
9850		79		127
9850		71		0
9850		76		127
10150		71		127
10150		86		127
10150		79		0
10150		76		0
10400		71		0
10450		60		127
10700		60		0
10750		67		127
10950		86		0
11000		67		0
11050		72		127
11050		54		100
11050		78		127
11300		79		127
11300		78		0
11300		67		127
11300		72		0
11300		55		100
11400		54		0
11600		55		127
11600		67		0
11850		55		0
11900		62		127
12150		62		0
12200		67		127
12400		79		0
12450		67		0
12500		62		127
12500		79		127
12750		84		127
12750		79		0
12750		54		127
12750		62		0
12750		54		100
12900		55		0
13050		62		127
13050		54		0
13050		84		0
13050		83		127
13150		84		127
13200		83		0
13250		83		127
13300		62		0
13300		84		0
13350		67		127
13350		81		127
13400		83		0
13600		81		0
13600		67		0
13650		79		127
13650		62		127
13900		79		0
13900		62		0
13950		52		127
13950		83		127
13950		79		127
14000		54		0
14200		59		127
14200		52		0
14300		83		0
14300		79		0
14350		79		127
14500		59		0
14500		64		127
14750		79		0
14750		64		0
14800		84		127
14800		59		127
14800		79		127
15050		59		0
15100		48		127
15100		55		100
15200		84		0
15200		79		0
15250		83		127
15350		48		0
15400		55		127
15600		83		0
15650		81		127
15650		55		0
15650		59		127
15950		55		127
15950		59		0
15950		79		127
15950		81		0
16200		55		0
16200		79		0
16250		50		127
16250		57		127
16250		62		127
16250		79		127
16250		57		100
16250		74		127
16250		81		127
16350		55		0
17300		74		0
17300		81		0
17300		79		0
17400		54		100
17400		78		127
17550		57		0
18350		62		0
18350		57		0
18350		50		0
18450		78		0
18550		52		127
18550		35		100
18600		35		0
18750		54		0
18850		52		0
18850		76		100
18850		79		127
18850		59		127
18900		76		0
19100		79		0
19100		59		0
19150		78		127
19150		64		127
19150		39		100
19150		39		0
19400		78		0
19400		64		0
19450		59		127
19450		35		100
19450		44		100
19450		44		0
19450		35		0
19450		74		127
19700		59		0
19700		74		0
19750		48		127
19750		35		100
19750		35		0
19750		79		127
20000		48		0
20000		76		100
20000		55		127
20050		76		0
20100		79		0
20150		78		127
20300		39		100
20300		55		0
20300		54		100
20300		60		127
20350		39		0
20550		78		0
20550		60		0
20600		55		127
20600		44		100
20600		44		0
20600		55		100
20600		74		127
20800		54		0
20850		55		0
20900		35		100
20900		35		0
20900		55		127
21150		55		0
21200		62		127
21200		76		100
21200		76		0
21450		62		0
21450		55		127
21450		39		100
21500		39		0
21750		55		0
21750		50		127
21750		44		100
21750		35		100
21800		44		0
21800		35		0
21900		35		0
21900		35		100
22000		50		0
22050		35		100
22050		35		0
22050		54		127
22050		54		100
22250		55		0
22300		54		0
22350		76		0
22350		76		100
22350		62		127
22600		62		0
22650		55		127
22650		39		0
22650		39		100
22900		44		100
22900		55		0
22900		50		127
22950		44		0
23000		74		0
23200		52		127
23200		35		100
23200		52		100
23200		50		0
23250		35		0
23350		54		0
23450		52		0
23500		76		100
23500		76		0
23500		79		127
23500		59		127
23750		59		0
23750		79		0
23800		78		127
23800		64		127
23800		39		0
23800		39		100
24050		64		0
24050		78		0
24100		59		127
24100		44		0
24100		35		0
24100		35		100
24100		44		100
24100		74		127
24350		59		0
24350		48		127
24350		35		100
24350		79		127
24350		74		0
24400		35		0
24650		48		0
24650		55		127
24650		76		100
24700		76		0
24750		79		0
24800		78		127
24900		55		0
24950		39		0
24950		39		100
24950		54		100
24950		60		127
25000		52		0
25200		60		0
25250		55		100
25250		55		127
25250		44		100
25250		44		0
25400		54		0
25400		79		127
25450		86		127
25450		78		0
25500		62		100
25500		35		100
25500		55		0
25500		55		127
25550		35		0
25600		55		0
25800		55		0
25800		62		127
25800		76		100
25850		76		0
26050		62		0
26100		39		0
26100		39		100
26100		55		127
26350		55		0
26400		44		100
26400		50		127
26400		35		0
26400		35		100
26400		44		0
26550		35		0
26550		35		100
26650		50		0
26700		35		0
26700		35		100
26700		54		127
26850		79		0
26850		79		127
26900		91		127
26900		86		0
26950		62		127
26950		54		0
26950		76		100
27000		76		0
27100		79		0
27200		91		0
27250		60		100
27250		39		100
27250		55		127
27250		90		127
27250		78		127
27250		62		0
27300		39		0
27350		62		0
27500		78		0
27500		90		0
27500		55		0
27550		74		127
27550		86		127
27550		50		127
27550		44		0
27550		44		100
27800		50		0
27800		74		0
27850		59		100
27850		52		127
27850		35		100
27850		35		0
27850		74		127
27950		60		0
28100		52		0
28100		74		0
28100		86		0
28150		83		127
28150		59		127
28150		76		0
28150		76		100
28400		59		0
28400		64		127
28400		39		100
28400		79		127
28400		83		0
28450		39		0
28700		64		0
28700		59		127
28700		44		100
28700		35		100
28750		44		0
28750		35		0
28950		79		0
28950		59		0
29000		74		127
29000		48		127
29000		35		100
29000		35		0
29250		48		0
29300		76		100
29300		76		0
29300		55		127
29400		74		0
29450		79		127
29550		55		0
29600		55		100
29600		62		127
29600		39		100
29600		39		0
29700		59		0
29850		44		100
29850		79		0
29850		78		127
29850		62		0
29850		55		127
29900		44		0
30150		35		100
30150		35		0
30150		57		100
30150		55		0
30150		79		127
30150		78		0
30150		55		127
30350		55		0
30400		55		0
30450		76		0
30450		76		100
30450		62		127
30700		62		0
30750		39		0
30750		39		100
30750		55		127
31000		55		0
31050		35		0
31050		44		0
31050		35		100
31050		44		100
31050		62		127
31150		35		100
31200		35		0
31200		79		0
31300		84		127
31300		35		100
31300		62		0
31300		54		127
31300		54		100
31350		57		0
31350		35		0
31550		54		0
31600		62		127
31600		76		100
31600		76		0
31700		84		0
31750		83		127
31850		62		0
31900		39		0
31900		55		127
31900		39		100
31900		55		100
31950		54		0
32150		83		0
32150		55		0
32200		44		100
32200		44		0
32200		79		127
32200		62		127
32450		52		127
32450		35		100
32450		62		0
32500		35		0
32750		52		0
32750		59		127
32750		79		127
32750		74		127
32750		79		0
32750		76		100
32800		76		0
33000		79		0
33000		74		0
33000		59		0
33050		64		127
33050		78		127
33050		39		0
33050		39		100
33300		64		0
33300		78		0
33350		35		0
33350		59		127
33350		74		127
33350		44		100
33350		35		100
33350		44		0
33600		74		0
33600		59		0
33650		79		127
33650		35		0
33650		35		100
33650		48		127
33900		76		100
33900		48		0
33900		55		127
33950		76		0
34000		79		0
34050		78		127
34200		39		100
34200		64		127
34200		55		0
34250		39		0
34450		64		0
34450		78		0
34500		44		0
34500		44		100
34500		74		127
34500		55		127
34600		79		127
34750		74		0
34750		55		0
34800		50		127
34800		79		0
34800		81		127
34800		57		100
34800		35		0
34800		35		100
34850		55		0
35050		50		0
35100		57		127
35100		76		0
35100		76		100
35350		62		127
35350		57		0
35350		39		100
35400		39		0
35650		35		100
35650		57		127
35650		44		100
35650		62		0
35700		44		0
35700		35		0
35800		35		100
35800		35		0
35900		57		0
35950		35		100
35950		35		0
35950		62		127
36200		62		0
36250		76		0
36250		57		127
36250		76		100
36500		57		0
36550		39		100
36550		39		0
36550		62		127
36800		57		127
36800		62		0
36800		44		100
36850		44		0
36850		81		0
37100		35		100
37100		35		0
37100		57		0
37100		52		127
37200		57		0
37350		52		0
37400		74		127
37400		79		127
37400		76		100
37400		76		0
37400		59		127
37650		74		0
37650		79		0
37650		59		0
37700		39		100
37700		39		0
37700		64		127
37700		78		127
37950		78		0
37950		74		127
37950		59		127
37950		64		0
37950		44		100
37950		35		100
38000		35		0
38000		44		0
38250		35		100
38250		48		127
38250		59		0
38250		79		127
38250		74		0
38300		35		0
38550		55		127
38550		48		0
38550		76		100
38550		76		0
38650		79		0
38700		78		127
38800		55		0
38850		60		127
38850		39		0
38850		39		100
38850		54		100
39100		60		0
39100		78		0
39150		44		0
39150		44		100
39150		55		127
39150		55		100
39150		74		127
39250		54		0
39400		55		127
39400		62		100
39400		55		0
39400		35		100
39450		35		0
39500		55		0
39700		76		100
39700		55		0
39700		62		127
39750		76		0
39950		62		0
40000		39		100
40000		39		0
40000		67		127
40150		79		127
40200		74		0
40250		67		0
40300		62		127
40300		44		0
40300		35		0
40300		44		100
40300		35		100
40300		79		0
40300		86		127
40450		35		100
40450		35		0
40550		62		0
40600		54		127
40600		35		0
40600		35		100
40850		76		100
40850		86		0
40850		62		127
40850		54		0
40850		84		127
40900		76		0
41150		39		100
41150		55		127
41150		62		0
41150		60		100
41200		39		0
41250		62		0
41400		55		0
41400		84		0
41450		44		100
41450		62		127
41450		74		127
41450		83		127
41450		44		0
41700		62		0
41750		59		100
41750		35		0
41750		35		100
41750		52		127
41900		60		0
42000		74		0
42000		83		0
42000		52		0
42050		76		100
42050		76		0
42050		59		127
42050		79		127
42050		74		127
42300		64		127
42300		78		127
42300		74		0
42300		79		0
42300		59		0
42300		39		100
42350		39		0
42600		64		0
42600		44		100
42600		35		100
42600		59		127
42600		78		0
42600		74		127
42650		44		0
42650		35		0
42850		74		0
42850		59		0
42900		79		127
42900		48		127
42900		35		100
42900		35		0
43150		48		0
43200		76		100
43200		76		0
43200		55		127
43300		79		0
43350		78		127
43450		55		0
43500		39		100
43500		39		0
43500		62		127
43500		55		100
43550		59		0
43750		74		127
43750		78		0
43750		62		0
43750		55		127
43750		44		100
43800		44		0
44050		55		0
44050		55		127
44050		57		100
44050		35		100
44050		35		0
44150		55		0
44300		55		0
44350		62		127
44350		76		100
44350		76		0
44600		62		0
44650		67		127
44650		39		0
44650		39		100
44900		67		0
44900		62		127
44900		44		100
44900		35		100
44950		44		0
44950		35		0
45050		35		100
45100		35		0
45100		74		0
45200		54		127
45200		79		127
45200		86		127
45200		55		100
45200		62		0
45200		35		100
45250		35		0
45250		57		0
45450		54		0
45500		62		127
45500		76		0
45500		76		100
45750		62		0
45800		55		127
45800		39		0
45800		39		100
45800		54		100
45900		55		0
45950		79		127
46000		86		0
46000		79		0
46050		55		0
46050		91		127
46100		62		127
46100		44		0
46100		44		100
46350		35		100
46350		62		0
46350		52		127
46350		52		100
46400		35		0
46450		54		0
46500		79		0
46600		91		0
46650		76		100
46650		52		0
46650		59		127
46650		90		127
46700		76		0
46900		59		0
46950		39		100
46950		64		127
46950		39		0
47200		64		0
47200		90		0
47250		86		127
47250		59		127
47250		44		0
47250		35		0
47250		44		100
47250		35		100
47500		59		0
47550		48		127
47550		35		0
47550		35		100
47800		55		127
47800		48		0
47800		76		100
47850		76		0
48100		54		100
48100		60		127
48100		39		100
48100		55		0
48150		39		0
48250		52		0
48350		60		0
48400		44		0
48400		44		100
48400		55		100
48400		55		127
48500		54		0
48650		55		0
48700		35		0
48700		35		100
48700		62		100
48700		55		127
48800		55		0
48950		55		0
49000		62		127
49000		76		100
49000		76		0
49250		62		0
49250		67		127
49250		39		100
49300		39		0
49450		86		0
49550		44		0
49550		35		0
49550		35		100
49550		44		100
49550		79		127
49550		91		127
49550		62		127
49550		67		0
49700		35		0
49700		35		100
49800		62		0
49850		35		0
49850		54		127
49850		60		100
49850		35		100
49950		62		0
50100		79		0
50100		91		0
50100		54		0
50150		62		127
50150		76		0
50150		76		100
50150		90		127
50400		39		100
50400		62		0
50400		55		127
50450		39		0
50650		90		0
50700		44		100
50700		55		0
50700		62		127
50700		86		127
50750		44		0
51000		55		127
51000		52		127
51000		35		0
51000		62		0
51000		35		100
51000		59		100
51000		59		127
51150		60		0
51300		76		100
51300		76		0
51600		39		0
51600		39		100
51850		35		100
51850		44		100
51900		35		0
51900		44		0
52050		52		0
52050		55		0
52050		59		0
52050		86		0
52150		54		127
52150		57		127
52150		35		100
52150		50		127
52150		84		127
52150		60		100
52200		35		0
52250		59		0
52450		76		100
52450		76		0
52750		39		100
52750		39		0
52950		84		0
52950		54		0
52950		50		0
52950		57		0
53050		59		100
53050		44		100
53050		44		0
53050		83		127
53050		76		127
53050		55		127
53050		52		127
53050		48		127
53150		60		0
53300		35		100
53350		35		0
53600		76		100
53650		76		0
53900		39		100
53900		39		0
54200		44		0
54200		35		0
54200		44		100
54200		35		100
54350		35		100
54350		35		0
54500		35		100
54500		35		0
54750		76		100
54800		76		0
55050		39		100
55100		39		0
55350		44		0
55350		44		100
55400		55		0
55400		48		0
55400		76		0
55400		52		0
55400		83		0
55650		35		0
55650		67		127
55650		71		127
55650		64		127
55650		35		100
55650		59		100
55750		59		0
55800		64		0
55800		67		0
55800		71		0
55950		76		0
55950		76		100
55950		71		127
55950		67		127
55950		64		127
56050		71		0
56050		67		0
56050		64		0
56200		71		127
56200		67		127
56200		64		127
56200		39		100
56200		79		127
56250		39		0
56350		67		0
56350		64		0
56350		71		0
56500		67		127
56500		44		100
56500		35		100
56500		71		127
56500		79		0
56500		64		127
56500		86		127
56550		35		0
56550		44		0
56650		71		0
56650		67		0
56650		64		0
56800		35		0
56800		35		100
56800		60		127
56800		64		127
56800		67		127
56950		67		0
56950		64		0
56950		60		0
57100		76		100
57100		76		0
57100		60		127
57100		67		127
57100		64		127
57250		60		0
57250		64		0
57250		67		0
57300		86		0
57400		64		127
57400		78		127
57400		59		0
57400		57		100
57400		39		100
57400		39		0
57400		67		127
57400		60		127
57500		64		0
57500		60		0
57500		57		0
57500		67		0
57650		44		100
57650		67		127
57650		64		127
57650		60		127
57650		79		127
57650		78		0
57650		57		100
57700		44		0
57800		60		0
57800		64		0
57800		57		0
57800		67		0
57950		67		127
57950		59		100
57950		35		0
57950		59		127
57950		62		127
57950		35		100
58100		59		0
58100		59		0
58100		67		0
58100		62		0
58250		59		100
58250		67		127
58250		62		127
58250		59		127
58250		76		100
58250		76		0
58350		59		0
58400		59		0
58400		62		0
58400		67		0
58550		59		127
58550		67		127
58550		39		100
58550		59		100
58550		62		127
58550		39		0
58650		67		0
58650		59		0
58650		62		0
58650		59		0
58750		79		0
58800		79		127
58800		59		100
58800		59		127
58800		62		127
58800		67		127
58800		44		100
58800		35		100
58850		44		0
58850		35		0
58950		62		0
58950		59		0
58950		67		0
58950		35		100
58950		59		0
59000		35		0
59100		35		0
59100		35		100
59100		60		127
59100		62		127
59100		79		0
59100		84		127
59100		57		127
59100		59		100
59250		59		0
59250		60		0
59250		57		0
59250		62		0
59350		84		0
59400		83		127
59400		59		100
59400		76		0
59400		76		100
59400		57		127
59400		60		127
59400		62		127
59500		83		0
59500		84		127
59500		59		0
59550		62		0
59550		57		0
59550		60		0
59600		84		0
59600		83		127
59700		62		127
59700		60		127
59700		57		127
59700		59		100
59700		81		127
59700		83		0
59700		39		100
59700		39		0
59800		59		0
59800		62		0
59800		57		0
59800		60		0
59950		44		100
59950		81		0
59950		59		100
59950		79		127
59950		57		127
59950		60		127
59950		62		127
60000		44		0
60100		59		0
60100		57		0
60100		60		0
60100		62		0
60250		35		100
60250		71		127
60250		67		127
60250		64		127
60250		35		0
60250		59		100
60400		71		0
60400		64		0
60400		67		0
60550		71		127
60550		67		127
60550		76		0
60550		76		100
60550		64		127
60700		67		0
60700		71		0
60700		64		0
60800		79		0
60850		39		0
60850		79		127
60850		39		100
60850		64		127
60850		67		127
60850		71		127
61000		67		0
61000		64		0
61000		71		0
61100		71		127
61100		67		127
61100		64		127
61100		86		127
61100		79		0
61100		44		100
61100		35		100
61150		44		0
61150		35		0
61250		64		0
61250		67		0
61250		71		0
61400		35		100
61400		60		127
61400		64		127
61400		67		127
61450		35		0
61550		60		0
61550		64		0
61550		67		0
61700		67		127
61700		64		127
61700		60		127
61700		76		0
61700		76		100
61850		67		0
61850		64		0
61850		60		0
61900		86		0
62000		57		100
62000		64		127
62000		60		127
62000		67		127
62000		78		127
62000		39		0
62000		39		100
62000		59		0
62100		57		0
62150		67		0
62150		64		0
62150		60		0
62250		78		0
62300		57		100
62300		44		0
62300		44		100
62300		79		127
62300		60		127
62300		64		127
62300		67		127
62400		57		0
62450		64		0
62450		60		0
62450		67		0
62550		62		127
62550		59		100
62550		59		127
62550		67		127
62550		35		100
62600		35		0
62700		59		0
62700		67		0
62700		59		0
62700		62		0
62850		59		127
62850		62		127
62850		67		127
62850		59		100
62850		76		100
62900		76		0
63000		62		0
63000		67		0
63000		59		0
63000		59		0
63150		62		127
63150		59		127
63150		39		100
63150		67		127
63150		59		100
63150		39		0
63300		62		0
63300		59		0
63300		67		0
63300		59		0
63350		79		0
63450		91		127
63450		59		100
63450		59		127
63450		62		127
63450		67		127
63450		35		100
63450		44		100
63450		44		0
63450		35		0
63550		91		0
63550		59		0
63600		35		0
63600		79		127
63600		59		0
63600		67		0
63600		62		0
63600		35		100
63700		60		127
63700		35		100
63700		91		127
63700		79		0
63700		57		127
63700		59		100
63700		62		127
63750		35		0
63850		62		0
63850		57		0
63850		60		0
63850		59		0
63850		91		0
63850		79		127
64000		59		100
64000		62		127
64000		60		127
64000		91		127
64000		76		100
64000		79		0
64000		57		127
64050		76		0
64150		60		0
64150		62		0
64150		57		0
64150		79		127
64150		59		0
64150		91		0
64300		39		100
64300		79		0
64300		91		127
64300		39		0
64300		59		100
64300		60		127
64300		62		127
64300		57		127
64450		59		0
64450		62		0
64450		60		0
64450		57		0
64550		91		0
64600		93		127
64600		60		127
64600		62		127
64600		44		100
64600		44		0
64600		57		127
64600		59		100
64700		59		0
64750		62		0
64750		57		0
64750		60		0
64850		71		127
64850		59		100
64850		91		127
64850		35		100
64850		67		127
64850		64		127
64850		93		0
64900		35		0
65000		64		0
65000		67		0
65000		71		0
65150		64		127
65150		67		127
65150		71		127
65150		76		100
65200		76		0
65250		91		0
65300		71		0
65300		67		0
65300		79		127
65300		64		0
65450		71		127
65450		39		0
65450		39		100
65450		67		127
65450		64		127
65600		71		0
65600		67		0
65600		64		0
65700		79		0
65750		67		127
65750		44		0
65750		35		0
65750		44		100
65750		35		100
65750		91		127
65750		71		127
65750		64		127
65900		64		0
65900		71		0
65900		67		0
66050		59		0
66050		57		100
66050		35		100
66050		35		0
66050		67		127
66050		60		127
66050		64		127
66150		91		0
66150		57		0
66200		60		0
66200		67		0
66200		64		0
66200		79		127
66300		64		127
66300		79		0
66300		67		127
66300		60		127
66300		76		100
66300		91		127
66300		57		100
66350		76		0
66450		60		0
66450		91		0
66450		79		127
66450		64		0
66450		57		0
66450		67		0
66600		59		100
66600		79		0
66600		39		100
66600		60		127
66600		64		127
66600		67		127
66600		91		127
66650		39		0
66750		64		0
66750		60		0
66750		67		0
66750		91		0
66750		59		0
66750		79		127
66900		44		0
66900		44		100
66900		67		127
66900		64		127
66900		59		100
66900		60		127
66900		79		0
66900		93		127
67050		67		0
67050		64		0
67050		60		0
67050		59		0
67150		93		0
67200		67		127
67200		91		127
67200		62		127
67200		59		100
67200		59		127
67200		35		100
67200		35		0
67350		67		0
67350		62		0
67350		59		0
67450		67		127
67450		59		127
67450		62		127
67450		76		100
67500		76		0
67550		91		0
67600		79		127
67600		67		0
67600		62		0
67600		59		0
67750		67		127
67750		62		127
67750		59		127
67750		39		100
67800		39		0
67900		62		0
67900		67		0
67900		59		0
68000		79		0
68050		91		127
68050		59		127
68050		62		127
68050		67		127
68050		35		100
68050		44		100
68050		44		0
68050		35		0
68200		67		0
68200		62		0
68200		59		0
68200		35		100
68200		35		0
68350		57		127
68350		60		127
68350		57		100
68350		35		100
68350		35		0
68350		62		127
68450		91		0
68450		57		0
68500		57		0
68500		60		0
68500		62		0
68500		79		127
68600		79		0
68650		76		100
68650		91		127
68650		76		0
68650		57		100
68650		62		127
68650		60		127
68650		57		127
68750		57		0
68750		62		0
68750		57		0
68750		79		127
68750		91		0
68750		60		0
68900		79		0
68900		62		127
68900		60		127
68900		57		127
68900		59		0
68900		59		100
68900		91		127
68900		39		100
68950		39		0
69050		59		0
69050		57		0
69050		91		0
69050		79		127
69050		62		0
69050		60		0
69200		44		100
69200		44		0
69200		62		127
69200		79		0
69200		60		127
69200		59		100
69200		57		127
69200		93		127
69350		60		0
69350		57		0
69350		62		0
69350		59		0
69450		93		0
69500		35		100
69500		55		100
69500		59		100
69500		35		0
69500		91		127
69500		52		127
69500		55		127
69500		59		127
69650		52		0
69650		55		0
69650		59		0
69800		76		100
69800		59		127
69800		55		127
69800		52		127
69800		76		0
69900		91		0
69900		79		127
69900		59		0
69900		55		0
69900		52		0
70050		55		127
70050		39		100
70050		59		127
70050		52		127
70100		39		0
70200		55		0
70200		52		0
70200		59		0
70350		52		127
70350		91		127
70350		79		0
70350		35		100
70350		44		100
70350		59		127
70350		55		127
70400		35		0
70400		44		0
70500		52		0
70500		55		0
70500		59		0
70600		55		0
70650		52		127
70650		55		100
70650		48		127
70650		55		127
70650		35		100
70650		35		0
70650		60		100
70700		59		0
70800		48		0
70800		91		0
70800		52		0
70800		55		0
70800		79		127
70900		79		0
70950		91		127
70950		48		127
70950		76		0
70950		52		127
70950		55		127
70950		76		100
71050		91		0
71100		52		0
71100		79		127
71100		48		0
71100		55		0
71200		91		127
71200		79		0
71200		48		127
71200		52		127
71200		55		127
71200		39		100
71250		39		0
71350		48		0
71350		52		0
71350		55		0
71350		79		127
71350		91		0
71500		52		127
71500		44		100
71500		48		127
71500		55		127
71500		93		127
71500		79		0
71550		44		0
71650		55		0
71650		52		0
71650		48		0
71750		93		0
71800		50		127
71800		54		127
71800		57		127
71800		35		0
71800		35		100
71800		50		100
71800		57		100
71800		54		100
71800		78		127
71900		60		0
71950		55		0
72100		76		0
72100		76		100
72300		78		0
72400		90		127
72400		39		100
72400		39		0
72650		44		100
72650		35		100
72650		78		127
72650		90		0
72700		44		0
72700		35		0
72800		35		100
72850		35		0
72950		78		0
72950		90		127
72950		35		100
73000		35		0
73250		76		0
73250		76		100
73500		90		0
73550		39		0
73550		90		127
73550		39		100
73800		90		0
73850		78		127
73850		44		100
73850		44		0
73900		50		0
73900		57		0
73900		54		0
74100		64		127
74100		78		0
74100		35		100
74150		50		0
74150		57		0
74150		35		0
74150		54		0
74350		64		0
74400		71		127
74400		76		0
74400		76		100
74650		71		0
74700		79		127
74700		39		100
74700		39		0
74700		76		127
74950		76		0
74950		79		0
75000		71		127
75000		44		0
75000		35		0
75000		35		100
75000		44		100
75000		86		127
75250		35		100
75250		60		127
75250		71		0
75300		35		0
75550		76		100
75550		60		0
75550		67		127
75600		76		0
75750		86		0
75800		67		0
75850		72		127
75850		39		100
75850		39		0
75850		54		100
75850		78		127
76100		72		0
76100		78		0
76150		79		127
76150		44		100
76150		67		127
76150		44		0
76150		55		100
76300		54		0
76400		67		0
76450		55		127
76450		35		100
76450		35		0
76700		62		127
76700		55		0
76700		76		100
76750		76		0
77000		62		0
77000		39		100
77000		67		127
77050		39		0
77200		79		0
77250		67		0
77300		35		100
77300		44		100
77300		44		0
77300		79		127
77300		35		0
77300		62		127
77450		35		0
77450		35		100
77550		62		0
77550		79		0
77600		54		100
77600		35		0
77600		35		100
77600		54		127
77600		84		127
77800		55		0
77850		54		0
77850		84		0
77900		62		127
77900		83		127
77900		76		100
77900		76		0
78000		84		127
78000		83		0
78050		83		127
78100		84		0
78150		39		100
78150		81		127
78150		62		0
78150		67		127
78200		39		0
78200		83		0
78450		44		100
78450		81		0
78450		79		127
78450		67		0
78450		62		127
78500		44		0
78700		62		0
78750		35		100
78750		35		0
78750		64		127
78800		54		0
79000		64		0
79050		76		100
79050		76		0
79050		71		127
79250		79		0
79300		71		0
79350		39		100
79350		79		127
79350		39		0
79350		76		127
79600		44		100
79600		71		127
79600		76		0
79600		35		100
79600		86		127
79600		79		0
79650		44		0
79650		35		0
79900		35		100
79900		71		0
79900		60		127
79900		55		100
79950		35		0
80150		60		0
80200		67		127
80200		76		0
80200		76		100
80400		86		0
80450		67		0
80500		39		0
80500		39		100
80500		74		127
80500		78		127
80750		74		0
80750		78		0
80800		67		127
80800		79		127
80800		44		100
80800		44		0
81050		67		0
81050		55		127
81050		57		100
81050		35		100
81100		35		0
81250		55		0
81350		76		100
81350		55		0
81350		62		127
81400		76		0
81600		62		0
81650		67		127
81650		39		0
81650		39		100
81850		79		0
81900		67		0
81950		62		127
81950		44		100
81950		79		127
81950		35		100
81950		35		0
81950		44		0
82100		35		0
82100		35		100
82200		62		0
82200		79		0
82250		54		127
82250		35		100
82250		35		0
82250		54		100
82250		91		127
82350		57		0
82500		54		0
82500		62		127
82500		76		100
82550		76		0
82600		91		0
82650		90		127
82750		62		0
82800		67		127
82800		39		100
82800		39		0
83050		67		0
83050		90		0
83100		44		100
83100		86		127
83100		44		0
83100		62		127
83350		86		0
83350		62		0
83400		35		0
83400		35		100
83400		64		127
83550		54		0
83650		76		100
83650		71		127
83650		64		0
83700		76		0
83950		79		127
83950		39		100
83950		76		127
83950		71		0
84000		39		0
84200		79		0
84200		76		0
84250		35		100
84250		44		0
84250		44		100
84250		35		0
84250		71		127
84250		86		127
84500		71		0
84550		35		100
84550		35		0
84550		60		127
84800		60		0
84850		76		100
84850		76		0
84850		67		127
85050		86		0
85100		78		127
85100		39		100
85100		72		127
85100		67		0
85100		54		100
85150		39		0
85400		78		0
85400		55		100
85400		79		127
85400		44		100
85400		67		127
85400		72		0
85450		44		0
85450		54		0
85650		67		0
85700		35		0
85700		35		100
85700		55		127
85950		55		0
86000		76		0
86000		62		127
86000		76		100
86250		62		0
86300		39		0
86300		39		100
86300		67		127
86500		79		0
86550		67		0
86550		35		100
86550		79		127
86550		62		127
86550		44		100
86600		35		0
86600		44		0
86700		35		100
86750		35		0
86850		62		0
86850		54		127
86850		54		100
86850		79		0
86850		84		127
86850		35		100
86900		35		0
86950		55		0
87100		84		0
87100		54		0
87150		62		127
87150		76		100
87150		76		0
87150		83		127
87250		84		127
87300		83		0
87350		83		127
87400		62		0
87400		84		0
87450		39		0
87450		39		100
87450		81		127
87450		83		0
87450		67		127
87700		67		0
87700		81		0
87750		44		100
87750		62		127
87750		79		127
87750		44		0
88000		79		0
88000		35		100
88000		62		0
88000		52		127
88000		83		127
88000		79		127
88050		35		0
88150		54		0
88300		76		0
88300		76		100
88300		59		127
88300		52		0
88400		79		0
88400		83		0
88450		79		127
88550		59		0
88600		39		100
88600		39		0
88600		64		127
88850		64		0
88850		79		0
88900		84		127
88900		79		127
88900		44		100
88900		35		100
88900		44		0
88900		35		0
88900		59		127
89150		55		100
89150		59		0
89150		48		127
89150		35		100
89200		35		0
89300		83		127
89300		79		0
89300		84		0
89450		76		100
89450		48		0
89450		55		127
89500		76		0
89700		83		0
89700		55		0
89750		39		100
89750		59		127
89750		39		0
89750		81		127
90000		59		0
90000		81		0
90050		55		127
90050		44		0
90050		44		100
90050		79		127
90300		55		0
90300		79		0
90350		35		100
90350		62		127
90350		35		0
90350		81		127
90350		79		127
90350		50		127
90350		57		127
90350		74		127
90350		57		100
90500		55		0
90600		76		100
90650		76		0
90900		39		100
90950		39		0
91200		35		0
91200		44		0
91200		44		100
91200		35		100
91350		35		0
91350		35		100
91400		74		0
91400		79		0
91400		81		0
91500		78		127
91500		54		100
91500		35		0
91500		35		100
91700		57		0
91800		76		0
91800		76		100
92050		39		100
92100		39		0
92350		44		100
92400		44		0
92400		57		0
92400		62		0
92400		50		0
92550		78		0
92650		35		0
92650		35		100
92650		52		127
92850		54		0
92900		52		0
92950		76		100
92950		59		127
92950		79		127
92950		76		0
93200		59		0
93200		79		0
93250		64		127
93250		78		127
93250		39		0
93250		39		100
93500		74		127
93500		59		127
93500		78		0
93500		44		100
93500		35		100
93500		64		0
93550		35		0
93550		44		0
93800		35		100
93800		74		0
93800		79		127
93800		48		127
93800		59		0
93850		35		0
94050		48		0
94100		55		127
94100		76		0
94100		76		100
94200		79		0
94250		78		127
94350		55		0
94400		39		100
94400		39		0
94400		54		100
94400		60		127
94650		60		0
94650		78		0
94700		55		127
94700		55		100
94700		44		0
94700		44		100
94700		74		127
94800		54		0
94950		35		100
94950		55		0
94950		55		127
95000		35		0
95250		62		127
95250		55		0
95250		76		100
95300		76		0
95500		62		0
95550		39		0
95550		39		100
95550		55		127
95800		55		0
95850		44		100
95850		35		100
95850		44		0
95850		35		0
95850		50		127
96000		35		100
96000		35		0
96100		50		0
96150		54		100
96150		54		127
96150		35		100
96150		35		0
96250		55		0
96400		54		0
96400		62		127
96400		76		100
96450		76		0
96700		62		0
96700		39		100
96700		55		127
96750		39		0
96950		55		0
97000		44		100
97000		50		127
97000		44		0
97050		74		0
97250		50		0
97300		35		0
97300		35		100
97300		52		127
97300		52		100
97400		54		0
97550		76		100
97550		59		127
97550		52		0
97550		79		127
97600		76		0
97850		64		127
97850		59		0
97850		79		0
97850		78		127
97850		39		100
97900		39		0
98150		64		0
98150		44		100
98150		59		127
98150		78		0
98150		74		127
98150		44		0
98150		35		100
98150		35		0
98400		59		0
98400		74		0
98450		48		127
98450		79		127
98450		35		100
98450		35		0
98700		48		0
98750		76		0
98750		76		100
98750		55		127
98850		79		0
98900		78		127
99000		39		100
99000		54		100
99000		60		127
99000		55		0
99050		39		0
99200		52		0
99300		44		100
99300		55		100
99300		60		0
99300		55		127
99350		44		0
99450		54		0
99500		79		127
99550		78		0
99550		86		127
99550		55		0
99600		62		100
99600		35		0
99600		55		127
99600		35		100
99800		55		0
99850		55		0
99900		62		127
99900		76		0
99900		76		100
100150		62		0
100200		39		100
100200		39		0
100200		55		127
100450		35		100
100450		44		100
100450		55		0
100450		50		127
100500		44		0
100500		35		0
100600		35		100
100650		35		0
100750		50		0
100750		54		127
100750		35		100
100800		35		0
100900		79		0
100950		86		0
100950		79		127
101000		54		0
101000		91		127
101050		62		127
101050		76		0
101050		76		100
101200		79		0
101250		91		0
101300		62		0
101350		90		127
101350		78		127
101350		39		0
101350		39		100
101350		60		100
101350		55		127
101500		62		0
101600		78		0
101600		90		0
101600		55		0
101650		86		127
101650		74		127
101650		44		100
101650		44		0
101650		50		127
101900		52		127
101900		35		100
101900		50		0
101900		59		100
101900		74		0
101900		74		127
101950		35		0
102100		60		0
102200		59		127
102200		52		0
102200		83		127
102200		74		0
102200		86		0
102200		76		100
102250		76		0
102450		83		0
102450		59		0
102500		64		127
102500		39		100
102500		39		0
102500		79		127
102750		64		0
102800		59		127
102800		35		100
102800		44		0
102800		35		0
102800		44		100
103000		79		0
103050		59		0
103100		48		127
103100		35		100
103100		35		0
103100		74		127
103350		48		0
103350		76		100
103350		55		127
103400		76		0
103450		74		0
103500		79		127
103650		55		100
103650		39		100
103650		62		127
103650		55		0
103700		39		0
103800		59		0
103900		79		0
103900		62		0
103950		55		127
103950		78		127
103950		44		100
103950		44		0
104200		55		0
104200		78		0
104250		35		100
104250		35		0
104250		55		127
104250		57		100
104250		79		127
104400		55		0
104500		55		0
104550		62		127
104550		76		0
104550		76		100
104800		62		0
104800		55		127
104800		39		100
104850		39		0
105100		55		0
105100		62		127
105100		44		100
105100		35		100
105150		35		0
105150		44		0
105250		35		100
105250		35		0
105300		79		0
105350		62		0
105400		35		100
105400		54		127
105400		84		127
105400		54		100
105400		35		0
105500		57		0
105650		54		0
105700		62		127
105700		76		0
105700		76		100
105800		84		0
105850		83		127
105950		55		127
105950		62		0
105950		55		100
105950		39		100
106000		39		0
106200		54		0
106250		79		127
106250		83		0
106250		44		100
106250		55		0
106250		62		127
106300		44		0
106500		62		0
106550		35		0
106550		35		100
106550		52		127
106800		52		0
106800		79		0
106850		76		0
106850		59		127
106850		76		100
106850		79		127
106850		74		127
107100		59		0
107100		79		0
107100		74		0
107150		64		127
107150		39		0
107150		39		100
107150		78		127
107400		64		0
107400		74		127
107400		78		0
107400		35		100
107400		59		127
107400		44		100
107450		35		0
107450		44		0
107700		48		127
107700		59		0
107700		35		100
107700		79		127
107700		74		0
107750		35		0
107950		48		0
108000		76		0
108000		76		100
108000		55		127
108100		79		0
108150		78		127
108250		55		0
108300		39		100
108300		39		0
108300		64		127
108550		64		0
108550		78		0
108600		44		100
108600		44		0
108600		55		127
108600		74		127
108650		79		127
108850		55		0
108850		50		127
108850		81		127
108850		79		0
108850		74		0
108850		57		100
108850		35		100
108900		35		0
109100		55		0
109150		76		100
109150		50		0
109150		57		127
109200		76		0
109400		57		0
109450		39		100
109450		39		0
109450		62		127
109700		62		0
109750		35		100
109750		57		127
109750		35		0
109750		44		0
109750		44		100
109900		35		0
109900		35		100
110000		57		0
110050		35		0
110050		35		100
110050		62		127
110300		76		100
110300		62		0
110300		57		127
110350		76		0
110600		39		100
110600		57		0
110600		62		127
110650		39		0
110850		62		0
110900		44		0
110900		44		100
110900		57		127
110950		81		0
111150		57		0
111200		35		0
111200		35		100
111200		52		127
111450		57		0
111450		52		0
111500		79		127
111500		74		127
111500		76		0
111500		76		100
111500		59		127
111750		79		0
111750		74		0
111750		78		127
111750		39		100
111750		64		127
111750		59		0
111800		39		0
112050		78		0
112050		74		127
112050		64		0
112050		59		127
112050		44		100
112050		35		100
112100		35		0
112100		44		0
112300		59		0
112300		74		0
112350		79		127
112350		35		0
112350		35		100
112350		48		127
112600		48		0
112650		76		0
112650		76		100
112650		55		127
112750		79		0
112800		78		127
112900		55		0
112950		54		100
112950		60		127
112950		39		100
112950		39		0
113200		55		100
113200		44		100
113200		55		127
113200		60		0
113200		74		127
113200		78		0
113250		44		0
113400		54		0
113500		55		127
113500		62		100
113500		35		100
113500		55		0
113550		35		0
113700		55		0
113750		55		0
113800		76		0
113800		76		100
113800		62		127
114050		62		0
114100		39		0
114100		39		100
114100		67		127
114250		79		127
114300		74		0
114350		67		0
114350		79		0
114400		62		127
114400		35		100
114400		44		100
114400		35		0
114400		44		0
114500		35		100
114550		35		0
114650		35		100
114650		54		127
114650		62		0
114650		86		127
114700		35		0
114950		76		100
114950		76		0
114950		62		127
114950		54		0
114950		86		0
114950		84		127
115200		62		0
115250		60		100
115250		55		127
115250		39		100
115250		39		0
115450		62		0
115500		84		0
115500		55		0
115550		74		127
115550		83		127
115550		44		0
115550		44		100
115550		62		127
115800		35		100
115800		59		100
115800		62		0
115800		52		127
115850		35		0
116000		60		0
116100		76		100
116100		83		0
116100		79		127
116100		74		127
116100		52		0
116100		74		0
116100		59		127
116150		76		0
116400		78		127
116400		79		0
116400		74		0
116400		64		127
116400		39		100
116400		39		0
116400		59		0
116650		64		0
116650		78		0
116700		44		0
116700		35		0
116700		74		127
116700		44		100
116700		35		100
116700		59		127
116950		59		0
116950		74		0
117000		48		127
117000		35		100
117000		35		0
117000		79		127
117250		48		0
117250		55		127
117250		76		100
117300		76		0
117400		78		127
117400		79		0
117550		39		100
117550		62		127
117550		55		0
117550		55		100
117600		39		0
117700		59		0
117800		62		0
117800		78		0
117850		74		127
117850		44		100
117850		44		0
117850		55		127
118100		55		0
118150		35		0
118150		55		127
118150		35		100
118150		57		100
118300		55		0
118400		55		0
118450		76		100
118450		76		0
118450		62		127
118700		39		100
118700		62		0
118700		67		127
118750		39		0
119000		62		127
119000		35		100
119000		44		100
119000		67		0
119050		44		0
119050		35		0
119150		35		100
119200		35		0
119200		74		0
119250		62		0
119300		86		127
119300		79		127
119300		35		0
119300		55		100
119300		54		127
119300		35		100
119400		57		0
119550		54		0
119600		76		100
119600		76		0
119600		62		127
119850		62		0
119900		39		0
119900		55		127
119900		54		100
119900		39		100
120000		55		0
120050		79		127
120100		91		127
120100		79		0
120100		86		0
120150		62		127
120150		55		0
120150		44		100
120200		44		0
120450		52		100
120450		52		127
120450		62		0
120450		35		100
120500		35		0
120600		79		0
120650		91		0
120650		54		0
120700		52		0
120750		59		127
120750		90		127
120750		76		100
120750		76		0
121000		59		0
121050		39		100
121050		39		0
121050		64		127
121250		90		0
121300		64		0
121350		44		100
121350		35		0
121350		44		0
121350		86		127
121350		35		100
121350		59		127
121600		59		0
121600		48		127
121600		35		100
121650		35		0
121900		55		127
121900		48		0
121900		76		100
121950		76		0
122150		55		0
122200		54		100
122200		60		127
122200		39		100
122200		39		0
122250		52		0
122450		60		0
122500		44		100
122500		44		0
122500		55		100
122500		55		127
122600		54		0
122750		55		0
122800		62		100
122800		35		100
122800		55		127
122800		35		0
122900		55		0
123050		76		100
123050		62		127
123050		55		0
123100		76		0
123350		67		127
123350		62		0
123350		39		100
123350		39		0
123550		86		0
123600		67		0
123650		62		127
123650		35		0
123650		44		0
123650		35		100
123650		44		100
123650		91		127
123650		79		127
123800		35		100
123800		35		0
123900		62		0
123950		60		100
123950		35		0
123950		35		100
123950		54		127
124100		62		0
124200		62		127
124200		79		0
124200		91		0
124200		90		127
124200		76		100
124200		54		0
124250		76		0
124500		39		100
124500		62		0
124500		55		127
124550		39		0
124750		90		0
124750		55		0
124800		86		127
124800		62		127
124800		44		100
124800		44		0
125050		62		0
125100		52		127
125100		55		127
125100		59		127
125100		35		100
125100		35		0
125100		59		100
125300		60		0
125400		76		100
125400		76		0
125650		39		100
125700		39		0
125950		44		100
125950		35		100
126000		44		0
126000		35		0
126150		52		0
126150		55		0
126150		59		0
126150		86		0
126250		35		100
126250		35		0
126250		84		127
126250		54		127
126250		60		100
126250		57		127
126250		50		127
126400		59		0
126550		76		0
126550		76		100
126850		39		100
126850		39		0
127050		50		0
127050		54		0
127050		57		0
127050		84		0
127100		44		100
127100		55		127
127100		52		127
127100		48		127
127100		76		127
127100		59		100
127100		83		127
127150		44		0
127250		60		0
127400		35		100
127450		35		0
127700		76		0
127700		76		100
128000		39		100
128000		39		0
128300		35		100
128300		35		0
128300		44		0
128300		44		100
128450		35		100
128450		35		0
128550		35		100
128600		35		0
128850		76		100
128900		76		0
129150		39		0
129150		39		100
129450		44		0
129450		44		100
129500		48		0
129500		55		0
129500		52		0
129500		83		0
129500		76		0
129750		59		100
129750		35		100
129750		35		0
129750		71		127
129750		67		127
129750		64		127
129800		59		0
129900		71		0
129900		67		0
129900		64		0
130000		71		127
130000		67		127
130000		64		127
130000		76		100
130050		76		0
130150		64		0
130150		71		0
130150		67		0
130300		64		127
130300		67		127
130300		71		127
130300		39		100
130300		79		127
130350		39		0
130450		64		0
130450		67		0
130450		71		0
130550		79		0
130600		44		100
130600		71		127
130600		67		127
130600		64		127
130600		35		0
130600		44		0
130600		35		100
130600		86		127
130750		64		0
130750		67		0
130750		71		0
130900		35		0
130900		35		100
130900		60		127
130900		64		127
130900		67		127
131050		67		0
131050		64		0
131050		60		0
131200		67		127
131200		64		127
131200		76		100
131200		76		0
131200		60		127
131350		60		0
131350		64		0
131350		67		0
131400		86		0
131450		78		127
131450		57		100
131450		60		127
131450		64		127
131450		67		127
131450		39		100
131500		39		0
131500		59		0
131600		67		0
131600		57		0
131600		64		0
131600		60		0
131750		60		127
131750		64		127
131750		67		127
131750		79		127
131750		78		0
131750		57		100
131750		44		100
131800		44		0
131900		60		0
131900		57		0
131900		67		0
131900		64		0
132050		35		0
132050		35		100
132050		59		100
132050		62		127
132050		59		127
132050		67		127
132200		62		0
132200		59		0
132200		67		0
132200		59		0
132350		67		127
132350		62		127
132350		76		0
132350		76		100
132350		59		100
132350		59		127
132450		59		0
132500		67		0
132500		59		0
132500		62		0
132600		67		127
132600		59		100
132600		59		127
132600		62		127
132600		39		100
132650		39		0
132750		62		0
132750		59		0
132750		67		0
132750		59		0
132800		79		0
132900		35		100
132900		44		100
132900		59		127
132900		62		127
132900		67		127
132900		59		100
132900		79		127
132950		35		0
132950		44		0
133050		62		0
133050		59		0
133050		67		0
133050		59		0
133050		35		0
133050		35		100
133150		79		0
133200		84		127
133200		57		127
133200		60		127
133200		62		127
133200		35		100
133200		35		0
133200		59		100
133350		59		0
133350		60		0
133350		57		0
133350		62		0
133450		84		0
133500		62		127
133500		60		127
133500		57		127
133500		59		100
133500		83		127
133500		76		0
133500		76		100
133600		59		0
133600		84		127
133600		83		0
133650		57		0
133650		62		0
133650		60		0
133700		83		127
133700		84		0
133750		81		127
133750		39		100
133750		57		127
133750		62		127
133750		60		127
133750		59		100
133800		39		0
133800		83		0
133900		57		0
133900		60		0
133900		62		0
133900		59		0
134050		62		127
134050		81		0
134050		79		127
134050		44		100
134050		60		127
134050		57		127
134050		59		100
134100		44		0
134200		62		0
134200		57		0
134200		59		0
134200		60		0
134350		35		0
134350		71		127
134350		67		127
134350		64		127
134350		35		100
134350		59		100
134500		64		0
134500		71		0
134500		67		0
134650		71		127
134650		64		127
134650		67		127
134650		76		0
134650		76		100
134800		64		0
134800		67		0
134800		71		0
134850		79		0
134950		64		127
134950		67		127
134950		71		127
134950		79		127
134950		39		0
134950		39		100
135050		67		0
135050		71		0
135050		64		0
135200		35		100
135200		79		0
135200		86		127
135200		44		100
135200		67		127
135200		64		127
135200		71		127
135250		44		0
135250		35		0
135350		67		0
135350		64		0
135350		71		0
135500		67		127
135500		35		100
135500		64		127
135500		60		127
135550		35		0
135650		60		0
135650		64		0
135650		67		0
135800		76		0
135800		76		100
135800		67		127
135800		64		127
135800		60		127
135950		60		0
135950		64		0
135950		67		0
136000		86		0
136100		78		127
136100		57		100
136100		59		0
136100		39		100
136100		39		0
136100		67		127
136100		64		127
136100		60		127
136200		57		0
136250		60		0
136250		64		0
136250		67		0
136350		78		0
136400		79		127
136400		44		0
136400		44		100
136400		57		100
136400		60		127
136400		64		127
136400		67		127
136500		57		0
136500		64		0
136500		67		0
136500		60		0
136650		67		127
136650		62		127
136650		35		100
136650		59		100
136650		59		127
136700		35		0
136800		62		0
136800		67		0
136800		59		0
136800		59		0
136950		59		100
136950		67		127
136950		59		127
136950		62		127
136950		76		100
136950		76		0
137100		62		0
137100		59		0
137100		67		0
137100		59		0
137250		59		127
137250		67		127
137250		62		127
137250		59		100
137250		39		0
137250		39		100
137350		59		0
137400		67		0
137400		62		0
137400		59		0
137450		79		0
137550		91		127
137550		44		100
137550		35		100
137550		35		0
137550		44		0
137550		62		127
137550		59		127
137550		67		127
137550		59		100
137650		79		127
137650		91		0
137650		67		0
137650		59		0
137650		35		100
137650		62		0
137650		59		0
137700		35		0
137800		35		100
137800		91		127
137800		62		127
137800		79		0
137800		59		100
137800		60		127
137800		57		127
137850		35		0
137950		62		0
137950		60		0
137950		59		0
137950		79		127
137950		57		0
137950		91		0
138100		57		127
138100		79		0
138100		91		127
138100		60		127
138100		76		100
138100		62		127
138100		59		100
138100		76		0
138250		57		0
138250		62		0
138250		60		0
138250		59		0
138250		79		127
138250		91		0
138400		62		127
138400		79		0
138400		91		127
138400		39		0
138400		39		100
138400		59		100
138400		57		127
138400		60		127
138500		59		0
138550		62		0
138550		57		0
138550		60		0
138650		91		0
138700		93		127
138700		62		127
138700		57		127
138700		60		127
138700		44		100
138700		44		0
138700		59		100
138800		59		0
138800		62		0
138800		60		0
138800		57		0
138950		35		100
138950		59		100
138950		91		127
138950		93		0
138950		71		127
138950		64		127
138950		67		127
139000		35		0
139100		64		0
139100		67		0
139100		71		0
139250		64		127
139250		67		127
139250		71		127
139250		76		100
139300		76		0
139350		91		0
139400		67		0
139400		64		0
139400		71		0
139400		79		127
139550		67		127
139550		71		127
139550		64		127
139550		39		100
139550		39		0
139700		64		0
139700		67		0
139700		71		0
139800		79		0
139850		64		127
139850		67		127
139850		71		127
139850		44		0
139850		91		127
139850		35		0
139850		35		100
139850		44		100
140000		71		0
140000		67		0
140000		64		0
140150		59		0
140150		67		127
140150		64		127
140150		60		127
140150		57		100
140150		35		0
140150		35		100
140250		91		0
140250		60		0
140250		67		0
140250		64		0
140250		57		0
140250		79		127
140400		79		0
140400		91		127
140400		60		127
140400		76		100
140400		64		127
140400		67		127
140400		57		100
140450		76		0
140550		64		0
140550		60		0
140550		57		0
140550		67		0
140550		79		127
140550		91		0
140700		67		127
140700		60		127
140700		59		100
140700		64		127
140700		91		127
140700		79		0
140700		39		0
140700		39		100
140850		79		127
140850		91		0
140850		59		0
140850		67		0
140850		64		0
140850		60		0
141000		67		127
141000		93		127
141000		79		0
141000		44		100
141000		44		0
141000		60		127
141000		64		127
141000		59		100
141100		59		0
141150		64		0
141150		67		0
141150		60		0
141250		93		0
141300		59		100
141300		91		127
141300		35		100
141300		35		0
141300		67		127
141300		62		127
141300		59		127
141400		59		0
141400		67		0
141400		62		0
141550		67		127
141550		76		100
141550		62		127
141550		59		127
141600		76		0
141650		91		0
141700		79		127
141700		67		0
141700		59		0
141700		62		0
141850		39		100
141850		62		127
141850		59		127
141850		67		127
141900		39		0
142000		59		0
142000		62		0
142000		67		0
142100		79		0
142150		44		0
142150		67		127
142150		62		127
142150		59		127
142150		35		100
142150		44		100
142150		35		0
142150		91		127
142300		62		0
142300		35		100
142300		35		0
142300		67		0
142300		59		0
142450		62		127
142450		57		100
142450		35		100
142450		35		0
142450		59		0
142450		60		127
142450		57		127
142550		91		0
142550		57		0
142600		60		0
142600		62		0
142600		79		127
142600		57		0
142700		57		100
142700		57		127
142700		76		100
142700		91		127
142700		79		0
142700		60		127
142700		62		127
142750		76		0
142850		57		0
142850		60		0
142850		62		0
142850		57		0
142850		79		127
142850		91		0
143000		57		127
143000		59		100
143000		39		100
143000		91		127
143000		79		0
143000		62		127
143000		60		127
143050		39		0
143150		62		0
143150		57		0
143150		91		0
143150		79		127
143150		59		0
143150		60		0
143300		44		100
143300		59		100
143300		62		127
143300		60		127
143300		57		127
143300		44		0
143300		79		0
143300		93		127
143450		59		0
143450		57		0
143450		60		0
143450		62		0
143550		93		0
143600		59		100
143600		55		100
143600		91		127
143600		35		100
143600		35		0
143600		59		127
143600		55		127
143600		52		127
143750		59		0
143750		55		0
143750		52		0
143900		76		0
143900		76		100
143900		59		127
143900		55		127
143900		52		127
144000		55		0
144000		79		127
144000		91		0
144000		52		0
144000		59		0
144150		52		127
144150		55		127
144150		59		127
144150		39		100
144200		39		0
144300		59		0
144300		55		0
144300		52		0
144400		79		0
144450		44		100
144450		35		100
144450		44		0
144450		35		0
144450		91		127
144450		59		127
144450		52		127
144450		55		127
144550		55		0
144600		59		0
144600		55		0
144600		52		0
144600		59		0
144750		35		100
144750		60		100
144750		48		127
144750		35		0
144750		52		127
144750		55		127
144750		55		100
144850		91		0
144900		55		0
144900		52		0
144900		48		0
144900		79		127
145000		79		0
145050		48		127
145050		91		127
145050		55		127
145050		76		100
145050		76		0
145050		52		127
145150		52		0
145150		48		0
145150		91		0
145150		55		0
145150		79		127
145300		91		127
145300		55		127
145300		52		127
145300		48		127
145300		79		0
145300		39		100
145350		39		0
145450		91		0
145450		55		0
145450		52		0
145450		48		0
145450		79		127
145600		55		127
145600		44		0
145600		44		100
145600		48		127
145600		52		127
145600		93		127
145600		79		0
145750		55		0
145750		52		0
145750		48		0
145800		60		0
145800		55		0
145850		93		0
145900		50		100
145900		35		0
145900		35		100
145900		57		100
145900		78		127
145900		54		100
145900		57		127
145900		54		127
145900		50		127
146200		76		100
146200		76		0
146400		78		0
146450		90		127
146450		39		100
146500		39		0
146750		35		100
146750		44		100
146750		78		127
146750		90		0
146800		35		0
146800		44		0
146900		35		100
146900		35		0
147000		78		0
147050		90		127
147050		35		100
147050		35		0
147350		76		100
147350		76		0
147550		90		0
147650		90		127
147650		39		100
147650		39		0
147900		78		127
147900		90		0
147900		44		100
147950		57		0
147950		54		0
147950		50		0
147950		44		0
148200		78		0
148200		55		100
148200		50		127
148200		52		100
148200		59		100
148200		28		100
148200		31		100
148200		35		100
148200		40		100
148200		43		100
148200		47		100
148200		64		127
148200		67		127
148200		35		100
148200		35		0
148200		71		127
148250		57		0
148300		54		0
148400		50		0
148450		50		0
148500		76		100
148500		76		0
148500		55		127
148750		55		0
148800		39		100
148800		39		0
148800		62		127
149050		44		100
149050		62		0
149050		55		127
149050		35		100
149100		35		0
149100		44		0
149350		35		100
149350		55		0
149350		52		127
149400		35		0
149600		52		0
149650		76		0
149650		76		100
149650		55		127
149900		55		0
149950		39		100
149950		39		0
149950		62		127
150200		62		0
150250		44		0
150250		55		127
150250		44		100
150300		64		0
150300		67		0
150300		71		0
150500		30		100
150500		69		127
150500		74		127
150500		66		127
150500		35		100
150500		54		100
150500		62		100
150500		33		100
150500		38		100
150500		57		100
150500		50		100
150500		45		100
150500		42		100
150500		50		127
150500		55		0
150550		35		0
150600		35		0
150600		59		0
150600		47		0
150600		55		0
150650		31		0
150650		43		0
150650		52		0
150700		40		0
150700		28		0
150750		50		0
150800		57		127
150800		76		100
150800		76		0
151050		57		0
151100		39		100
151100		62		127
151100		39		0
151350		62		0
151400		35		0
151400		44		0
151400		35		100
151400		44		100
151400		57		127
151550		35		100
151550		66		0
151550		74		0
151550		35		0
151550		69		0
151650		43		127
151650		67		127
151650		71		127
151650		74		127
151650		35		100
151650		38		0
151650		38		100
151650		35		100
151650		67		100
151650		62		100
151650		59		100
151650		55		100
151650		50		100
151650		47		100
151650		43		100
151650		57		0
151700		62		0
151700		45		0
151700		57		0
151700		35		0
151750		50		0
151750		54		0
151750		42		0
151850		33		0
151900		30		0
151950		76		100
151950		50		127
151950		43		0
152000		76		0
152050		71		0
152050		74		0
152050		67		0
152100		79		127
152200		50		0
152250		39		100
152250		55		127
152250		39		0
152500		79		0
152500		55		0
152550		50		127
152550		44		100
152550		44		0
152550		78		127
152800		50		0
152850		35		100
152850		35		0
152850		48		127
153100		55		127
153100		48		0
153100		76		100
153150		76		0
153350		78		0
153400		39		100
153400		74		127
153400		55		0
153400		62		127
153400		67		127
153400		69		127
153450		39		0
153650		62		0
153700		44		100
153700		35		0
153700		44		0
153700		35		100
153700		55		127
153950		55		0
154000		48		127
154000		35		0
154000		35		100
154250		48		0
154300		55		127
154300		76		0
154300		76		100
154550		55		0
154550		62		127
154550		39		100
154600		39		0
154850		44		100
154850		62		0
154850		55		127
154900		44		0
154950		74		0
154950		67		0
154950		69		0
155100		55		0
155150		35		0
155150		35		100
155150		71		127
155150		64		127
155150		67		127
155150		52		127
155150		40		127
155450		76		100
155450		76		0
155750		39		100
155750		39		0
155950		67		0
155950		52		0
155950		40		0
155950		64		0
155950		71		0
156000		36		127
156000		64		127
156000		67		127
156000		35		100
156000		44		100
156000		60		127
156000		48		127
156050		35		0
156050		44		0
156150		35		100
156200		35		0
156300		35		100
156300		35		0
156600		76		0
156600		76		100
156900		39		100
156900		39		0
157150		44		100
157200		44		0
157350		64		0
157350		48		0
157350		36		0
157350		67		0
157350		60		0
157400		35		0
157450		71		127
157450		64		127
157450		67		127
157450		52		127
157450		35		0
157450		35		100
157450		47		100
157450		62		0
157450		67		0
157450		55		100
157450		59		100
157450		28		100
157450		31		100
157450		35		100
157450		40		100
157450		52		100
157450		59		0
157450		43		0
157450		50		0
157450		55		0
157450		43		100
157500		47		0
157500		38		0
157700		52		0
157750		76		0
157750		55		127
157750		76		100
158000		55		0
158050		62		127
158050		39		100
158050		39		0
158300		44		100
158300		35		100
158300		55		127
158300		62		0
158350		35		0
158350		44		0
158600		55		0
158600		52		127
158600		35		100
158650		35		0
158900		52		0
158900		55		127
158900		76		0
158900		76		100
159150		55		0
159200		39		0
159200		39		100
159200		62		127
159450		62		0
159500		44		100
159500		44		0
159500		55		127
159550		71		0
159550		67		0
159550		64		0
159750		69		127
159750		33		100
159750		74		127
159750		38		100
159750		42		100
159750		45		100
159750		62		100
159750		57		100
159750		54		100
159750		35		100
159750		66		127
159750		50		127
159750		55		0
159750		30		100
159750		50		100
159800		35		0
159850		35		0
159850		55		0
159850		43		0
159850		52		0
159850		59		0
159850		47		0
159900		31		0
159900		40		0
160000		28		0
160050		76		100
160050		50		0
160050		57		127
160100		76		0
160300		57		0
160350		39		100
160350		39		0
160350		62		127
160600		62		0
160650		57		127
160650		44		100
160650		35		100
160650		44		0
160650		35		0
160800		35		0
160800		35		100
160800		66		0
160800		74		0
160800		69		0
160900		57		0
160950		35		0
160950		43		127
160950		67		127
160950		74		127
160950		71		127
160950		59		100
160950		43		100
160950		35		100
160950		50		0
160950		38		100
160950		35		100
160950		55		100
160950		62		100
160950		67		100
160950		50		100
160950		47		100
161000		38		0
161000		62		0
161050		57		0
161050		54		0
161100		42		0
161100		45		0
161150		33		0
161200		30		0
161200		76		100
161200		43		0
161200		50		127
161250		76		0
161300		71		0
161300		67		0
161300		74		0
161350		79		127
161350		71		127
161500		39		100
161500		50		0
161500		55		127
161500		39		0
161750		55		0
161750		71		0
161750		79		0
161800		44		0
161800		44		100
161800		50		127
161800		74		127
161800		78		127
162050		62		0
162050		50		0
162050		47		0
162050		35		0
162050		38		0
162050		74		0
162050		78		0
162050		43		0
162050		55		0
162050		59		0
162050		50		0
162100		35		100
162100		31		100
162100		35		0
162100		67		0
162100		38		100
162100		62		100
162100		59		100
162100		55		100
162100		50		100
162100		47		100
162100		43		100
162100		35		100
162100		48		127
162100		62		127
162100		55		127
162100		60		127
162350		55		127
162350		48		0
162350		76		100
162400		76		0
162600		55		0
162600		60		0
162600		62		0
162650		62		127
162650		39		100
162650		81		127
162650		79		127
162650		86		127
162650		55		0
162700		39		0
162900		62		0
162950		35		100
162950		44		100
162950		44		0
162950		35		0
162950		55		127
163200		55		0
163250		35		100
163250		43		127
163250		35		0
163500		43		0
163550		55		127
163550		76		0
163550		76		100
163800		55		0
163800		62		127
163800		39		100
163850		39		0
164100		44		100
164100		55		127
164100		62		0
164150		44		0
164200		79		0
164200		81		0
164200		86		0
164350		55		0
164400		35		100
164400		35		0
164400		36		127
164400		48		127
164400		55		127
164400		60		127
164400		64		127
164700		76		0
164700		76		100
165000		39		100
165000		39		0
165200		64		0
165200		36		0
165200		48		0
165200		55		0
165200		60		0
165250		35		100
165250		44		100
165250		36		100
165250		48		127
165250		36		127
165250		55		100
165250		55		127
165250		64		127
165250		60		127
165250		60		100
165250		64		100
165250		43		0
165250		55		0
165250		40		100
165250		48		100
165250		52		100
165250		59		0
165250		43		100
165250		67		100
165300		44		0
165300		35		0
165300		62		0
165300		50		0
165300		35		0
165300		47		0
165300		38		0
165350		31		0
165400		35		100
165450		35		0
165550		35		100
165550		35		0
165800		55		0
165800		64		0
165800		60		0
165850		76		100
165850		76		0
165850		62		127
166100		62		0
166150		55		127
166150		39		0
166150		39		100
166400		55		0
166450		62		127
166450		44		100
166450		44		0
166600		48		0
166600		36		0
166700		62		0
166700		71		127
166700		64		127
166700		67		127
166700		40		100
166700		52		100
166700		47		100
166700		28		100
166700		35		100
166700		40		0
166700		52		0
166700		43		0
166700		55		0
166700		31		100
166700		55		100
166700		52		127
166700		35		100
166700		59		100
166750		35		0
166750		48		0
166750		43		100
166800		60		0
166800		64		0
166800		36		0
166800		67		0
166950		52		0
167000		55		127
167000		76		100
167000		76		0
167250		55		0
167300		39		0
167300		62		127
167300		39		100
167500		64		0
167500		67		0
167500		71		0
167550		62		0
167600		64		127
167600		44		100
167600		35		100
167600		71		127
167600		35		0
167600		44		0
167600		67		127
167600		55		127
167850		52		127
167850		55		0
167850		35		100
167900		35		0
168150		67		0
168150		76		100
168150		71		0
168150		71		127
168150		67		127
168150		64		127
168150		64		0
168150		52		0
168150		55		127
168200		76		0
168400		55		0
168450		39		100
168450		39		0
168450		62		127
168700		62		0
168750		44		100
168750		55		127
168750		44		0
168950		67		0
168950		71		0
168950		64		0
169000		55		0
169050		42		100
169050		52		0
169050		66		127
169050		62		127
169050		69		127
169050		45		100
169050		30		100
169050		33		100
169050		35		100
169050		50		127
169050		38		100
169050		50		100
169050		54		100
169050		57		100
169050		35		0
169100		55		0
169100		47		0
169100		43		0
169100		59		0
169100		40		0
169150		31		0
169150		35		0
169200		28		0
169300		50		0
169300		57		127
169300		76		100
169350		76		0
169450		62		100
169600		57		0
169600		62		127
169600		39		100
169600		39		0
169800		69		0
169800		66		0
169800		62		0
169850		62		0
169900		44		0
169900		35		0
169900		44		100
169900		35		100
169900		71		127
169900		62		127
169900		57		127
169900		67		127
170050		35		100
170050		35		0
170150		57		0
170150		38		0
170200		38		100
170200		43		127
170200		59		100
170200		43		100
170200		35		100
170200		62		100
170200		50		100
170200		47		100
170200		67		100
170200		35		0
170200		35		100
170200		55		100
170250		50		0
170250		42		0
170250		57		0
170300		33		0
170300		45		0
170300		54		0
170400		30		0
170450		76		100
170450		43		0
170450		50		127
170500		62		0
170500		76		0
170700		62		0
170700		67		0
170700		71		0
170750		55		127
170750		50		0
170750		79		127
170750		39		100
170800		39		0
171000		55		0
171000		79		0
171050		50		127
171050		78		127
171050		44		0
171050		44		100
171300		50		0
171300		78		0
171350		48		127
171350		35		100
171350		35		0
171350		76		127
171600		48		0
171600		76		0
171650		76		100
171650		55		127
171650		67		127
171650		62		127
171650		76		0
171750		62		127
171750		62		0
171750		67		127
171750		67		0
171900		57		127
171900		39		100
171900		55		0
171950		39		0
172200		55		127
172200		67		0
172200		62		0
172200		62		127
172200		57		0
172200		35		100
172200		44		100
172200		35		0
172200		44		0
172450		55		0
172500		48		127
172500		35		100
172500		35		0
172750		62		0
172750		48		0
172800		76		0
172800		76		100
172800		55		127
172800		67		127
172800		67		127
173050		57		127
173050		55		0
173050		39		100
173050		67		0
173050		67		0
173050		69		127
173050		74		127
173100		39		0
173350		55		127
173350		44		100
173350		57		0
173400		44		0
173600		69		0
173600		74		0
173600		55		0
173650		67		127
173650		35		100
173650		35		0
173650		48		127
173900		48		0
173950		55		127
173950		76		100
173950		76		0
174050		67		0
174100		62		127
174200		55		0
174250		60		127
174250		39		100
174250		39		0
174500		55		127
174500		60		0
174500		67		127
174500		62		0
174500		35		100
174500		44		100
174550		44		0
174550		35		0
174650		35		100
174700		35		0
174800		48		127
174800		35		100
174800		35		0
174800		55		0
175050		48		0
175050		67		0
175100		55		127
175100		74		127
175100		69		127
175100		67		127
175100		76		100
175100		76		0
175350		55		0
175400		39		100
175400		39		0
175400		60		127
175650		44		100
175650		60		0
175650		55		127
175700		44		0
175850		74		0
175850		69		0
175850		67		0
175950		52		127
175950		67		127
175950		31		100
175950		28		100
175950		59		100
175950		55		100
175950		43		100
175950		52		100
175950		47		0
175950		43		0
175950		55		0
175950		59		0
175950		35		0
175950		55		0
175950		35		100
175950		71		127
175950		64		127
175950		35		100
175950		40		100
176000		35		0
176000		67		0
176000		47		100
176000		62		0
176000		50		0
176050		38		0
176200		52		0
176250		76		0
176250		55		127
176250		76		100
176500		55		0
176550		62		127
176550		39		100
176550		39		0
176800		62		0
176850		35		0
176850		44		0
176850		35		100
176850		55		127
176850		44		100
177100		35		100
177100		52		127
177100		55		0
177150		35		0
177350		52		0
177400		76		100
177400		76		0
177400		55		127
177650		55		0
177700		39		100
177700		39		0
177700		62		127
177950		62		0
178000		44		100
178000		44		0
178000		55		127
178050		71		0
178050		67		0
178050		64		0
178250		54		100
178250		35		100
178250		50		127
178250		55		0
178250		43		0
178250		45		100
178250		57		100
178250		62		100
178250		30		100
178250		42		100
178250		33		100
178250		38		100
178250		50		100
178250		74		127
178250		69		127
178250		66		127
178300		35		0
178350		55		0
178350		40		0
178400		59		0
178400		52		0
178400		31		0
178400		28		0
178400		35		0
178450		47		0
178550		76		100
178550		50		0
178550		57		127
178600		76		0
178800		57		0
178850		62		127
178850		39		100
178850		39		0
179100		62		0
179150		44		0
179150		35		100
179150		35		0
179150		44		100
179150		57		127
179300		35		100
179300		74		0
179300		69		0
179300		66		0
179300		35		0
179400		57		0
179400		38		0
179400		50		0
179400		62		0
179450		55		100
179450		43		100
179450		47		100
179450		74		127
179450		71		127
179450		67		127
179450		38		100
179450		35		100
179450		67		100
179450		62		100
179450		59		100
179450		50		100
179450		35		100
179450		43		127
179450		35		0
179550		54		0
179550		45		0
179550		33		0
179550		57		0
179550		30		0
179600		42		0
179700		76		100
179700		50		127
179700		43		0
179750		76		0
179800		67		0
179800		71		0
179800		74		0
179850		79		127
179850		71		127
179850		74		127
180000		39		0
180000		50		0
180000		55		127
180000		39		100
180250		55		0
180250		74		0
180250		79		0
180250		71		0
180300		44		0
180300		44		100
180300		50		127
180300		78		127
180550		50		0
180600		31		100
180600		48		127
180600		35		0
180600		35		100
180700		67		0
180850		76		100
180850		79		127
180850		48		0
180850		55		127
180850		78		0
180850		71		127
180900		76		0
181150		39		100
181150		39		0
181150		62		127
181150		55		0
181150		79		127
181150		71		127
181150		71		0
181150		79		0
181400		62		0
181450		44		0
181450		35		100
181450		44		100
181450		55		127
181450		35		0
181700		55		0
181750		48		127
181750		35		100
181750		35		0
182000		76		100
182000		55		127
182000		48		0
182050		76		0
182300		39		100
182300		39		0
182300		62		127
182300		55		0
182550		79		0
182550		71		0
182550		62		0
182600		71		127
182600		74		127
182600		44		100
182600		44		0
182600		55		127
182850		55		0
182900		52		127
182900		35		100
182900		35		0
183150		52		0
183150		76		100
183150		74		0
183150		71		0
183150		79		127
183150		71		127
183150		74		127
183150		55		127
183200		76		0
183400		55		0
183450		39		100
183450		39		0
183450		62		127
183700		62		0
183750		44		100
183750		55		127
183750		35		100
183750		35		0
183750		44		0
183900		35		0
183900		35		100
184000		55		0
184000		45		100
184000		42		100
184000		38		100
184000		33		100
184000		30		100
184000		57		100
184000		54		100
184000		50		100
184000		50		0
184000		38		0
184000		35		100
184000		36		127
184050		35		0
184100		43		0
184100		31		0
184100		35		0
184100		62		0
184100		47		0
184150		55		0
184150		59		0
184300		36		0
184300		43		127
184300		76		100
184350		76		0
184550		43		0
184600		35		100
184600		48		127
184600		39		0
184600		39		100
184600		47		100
184600		43		100
184600		40		100
184600		31		100
184600		28		100
184600		55		100
184600		52		100
184700		38		0
184750		54		0
184750		30		0
184750		57		0
184750		33		0
184750		45		0
184750		42		0
184800		50		0
184850		48		0
184900		44		100
184900		44		0
184900		52		127
185050		74		0
185050		71		0
185050		79		0
185150		64		127
185150		35		100
185150		52		0
185200		35		0
185250		47		0
185250		43		0
185250		55		0
185250		52		0
185300		40		0
185350		35		0
185450		31		0
185450		71		127
185450		64		0
185450		76		100
185500		28		0
185500		76		0
185700		71		0
185750		79		127
185750		76		127
185750		39		100
185750		39		0
186000		76		0
186000		79		0
186050		35		0
186050		71		127
186050		86		127
186050		44		100
186050		35		100
186050		44		0
186300		71		0
186350		35		0
186350		35		100
186350		60		127
186600		76		100
186600		67		127
186600		60		0
186650		76		0
186800		86		0
186900		39		100
186900		67		0
186900		72		127
186900		78		127
186950		39		0
187150		78		0
187150		72		0
187200		44		100
187200		44		0
187200		79		127
187200		67		127
187450		67		0
187500		35		100
187500		35		0
187500		55		127
187750		55		0
187800		62		127
187800		76		0
187800		76		100
188050		62		0
188050		39		100
188050		67		127
188100		39		0
188250		79		0
188350		44		100
188350		35		100
188350		67		0
188350		62		127
188350		79		127
188400		35		0
188400		44		0
188500		35		100
188500		35		0
188600		79		0
188600		62		0
188650		54		127
188650		84		127
188650		35		0
188650		35		100
188900		54		0
188900		84		0
188950		62		127
188950		83		127
188950		76		0
188950		76		100
189050		83		0
189050		84		127
189150		84		0
189150		83		127
189200		62		0
189250		39		100
189250		83		0
189250		81		127
189250		39		0
189250		67		127
189500		81		0
189500		67		0
189500		79		127
189500		62		127
189500		44		100
189550		44		0
189800		35		0
189800		62		0
189800		64		127
189800		35		100
190050		64		0
190100		76		100
190100		71		127
190100		76		0
190350		71		0
190350		79		0
190400		79		127
190400		39		0
190400		39		100
190400		76		127
190650		79		0
190650		76		0
190700		44		100
190700		86		127
190700		35		0
190700		35		100
190700		71		127
190700		44		0
190950		71		0
190950		60		127
190950		35		100
191000		35		0
191250		60		0
191250		67		127
191250		76		0
191250		76		100
191450		86		0
191500		67		0
191550		39		100
191550		78		127
191550		74		127
191550		39		0
191800		74		0
191800		78		0
191850		79		127
191850		67		127
191850		44		100
191850		44		0
192100		67		0
192150		55		127
192150		35		0
192150		35		100
192400		76		100
192400		62		127
192400		55		0
192450		76		0
192700		67		127
192700		62		0
192700		39		100
192700		39		0
192900		79		0
192950		67		0
193000		79		127
193000		62		127
193000		44		100
193000		35		100
193000		35		0
193000		44		0
193150		35		100
193150		35		0
193250		62		0
193250		79		0
193300		35		100
193300		35		0
193300		54		127
193300		91		127
193550		62		127
193550		54		0
193550		76		100
193600		76		0
193700		90		127
193700		91		0
193850		39		100
193850		62		0
193850		67		127
193900		39		0
194100		90		0
194100		67		0
194150		44		0
194150		86		127
194150		44		100
194150		62		127
194400		86		0
194400		62		0
194450		64		127
194700		64		0
194750		71		127
195000		71		0
195000		76		127
195000		79		127
195300		76		0
195300		71		127
195300		86		127
195300		79		0
195550		71		0
195600		60		127
195850		60		0
195900		67		127
196100		86		0
196150		67		0
196200		72		127
196200		78		127
196450		72		0
196450		67		127
196450		79		127
196450		78		0
196750		67		0
196750		55		127
197000		55		0
197050		62		127
197300		62		0
197350		67		127
197550		79		0
197600		67		0
197650		79		127
197650		62		127
197900		84		127
197900		79		0
197900		62		0
197900		54		127
198200		84		0
198200		83		127
198200		54		0
198200		62		127
198300		84		127
198350		83		0
198400		83		127
198450		62		0
198450		84		0
198500		67		127
198500		81		127
198550		83		0
198750		67		0
198750		81		0
198800		62		127
198800		79		127
199050		62		0
199050		79		0
199100		52		127
199100		83		127
199100		79		127
199350		59		127
199350		52		0
199450		79		0
199450		83		0
199500		79		127
199650		64		127
199650		59		0
199900		79		0
199900		64		0
199950		59		127
199950		84		127
199950		79		127
200200		59		0
200250		48		127
200350		79		0
200350		84		0
200400		83		127
200500		48		0
200550		55		127
200750		83		0
200800		81		127
200800		55		0
200800		59		127
201100		79		127
201100		81		0
201100		59		0
201100		55		127
201350		79		0
201350		55		0
201400		50		127
201400		57		127
201400		81		127
201400		79		127
201400		74		127
202450		81		0
202450		79		0
202450		74		0
202550		78		127
203500		57		0
203500		50		0
203600		78		0
203700		79		127
203700		79		127
205750		79		0
205750		79		0
