time	track	channel	bar	pitch	volume	instrument
24	14	9	1	35
24	13	9	1	31
28	14	9	1	35
28	13	9	1	31
28	13	9	1	31
28	14	9	1	35
30	14	9	1	35
30	13	9	1	31
30	13	9	1	31
30	14	9	1	35
32	11	9	2	48
32	12	9	2	57
32	12	9	2	59
32	13	9	2	31
32	14	9	2	35
32	15	9	2	29
32	16	9	2	33
32	14	9	2	35
32	13	9	2	31
39	11	9	2	48
39	16	9	2	33
39	15	9	2	29
39	14	9	2	35
39	13	9	2	31
40	14	9	2	35
40	13	9	2	31
43	14	9	2	35
43	13	9	2	31
44	14	9	2	35
44	13	9	2	31
46	14	9	2	35
46	13	9	2	31
46	14	9	2	35
46	13	9	2	31
47	12	9	2	59
47	12	9	2	57
48	16	9	3	33
48	15	9	3	29
48	14	9	3	35
48	13	9	3	31
48	12	9	3	57
48	12	9	3	59
48	11	9	3	48
48	14	9	3	35
48	13	9	3	31
55	16	9	3	33
55	15	9	3	29
55	14	9	3	35
55	13	9	3	31
55	11	9	3	48
56	14	9	3	35
56	13	9	3	31
59	14	9	3	35
59	13	9	3	31
60	14	9	3	35
60	13	9	3	31
62	14	9	3	35
62	13	9	3	31
62	14	9	3	35
62	13	9	3	31
63	12	9	3	59
63	12	9	3	57
64	16	9	4	33
64	15	9	4	29
64	14	9	4	35
64	13	9	4	31
64	12	9	4	59
64	12	9	4	57
64	11	9	4	48
64	13	9	4	31
64	14	9	4	35
67	11	9	4	48
67	12	9	4	57
67	12	9	4	59
67	13	9	4	31
67	14	9	4	35
67	15	9	4	29
67	16	9	4	33
68	11	9	4	48
68	12	9	4	59
68	12	9	4	57
68	13	9	4	31
68	14	9	4	35
68	15	9	4	29
68	16	9	4	33
75	11	9	4	48
75	16	9	4	33
75	15	9	4	29
75	13	9	4	31
75	14	9	4	35
76	11	9	4	48
76	13	9	4	31
76	14	9	4	35
76	16	9	4	33
78	12	9	4	59
78	12	9	4	57
80	16	9	4	33
80	14	9	4	35
80	13	9	4	31
80	11	9	4	48
81	11	9	5	48
81	16	9	5	33
81	15	9	5	29
81	14	9	5	35
81	12	9	5	59
81	12	9	5	57
84	15	9	5	29
84	16	9	5	33
85	14	9	5	35
85	13	9	5	31
87	11	9	5	48
87	14	9	5	35
88	14	9	5	35
88	13	9	5	31
89	14	9	5	35
89	11	9	5	48
92	11	9	5	48
92	14	9	5	35
93	11	9	5	48
93	13	9	5	31
93	14	9	5	35
96	13	9	5	31
96	14	9	5	35
96	11	9	5	48
96	12	9	5	59
96	12	9	5	57
97	16	9	6	33
97	14	9	6	35
97	12	9	6	59
97	12	9	6	57
97	11	9	6	48
100	16	9	6	33
101	13	9	6	31
102	14	9	6	35
103	11	9	6	48
103	14	9	6	35
104	13	9	6	31
105	11	9	6	48
105	14	9	6	35
105	14	9	6	35
108	11	9	6	48
108	14	9	6	35
109	11	9	6	48
109	13	9	6	31
109	14	9	6	35
112	13	9	6	31
112	14	9	6	35
112	11	9	6	48
112	12	9	6	57
112	12	9	6	59
113	16	9	7	33
113	14	9	7	35
113	12	9	7	57
113	12	9	7	59
113	11	9	7	48
116	16	9	7	33
117	13	9	7	31
118	14	9	7	35
119	11	9	7	48
119	14	9	7	35
120	14	9	7	35
120	13	9	7	31
121	14	9	7	35
121	11	9	7	48
124	11	9	7	48
124	14	9	7	35
125	11	9	7	48
125	13	9	7	31
125	14	9	7	35
128	13	9	7	31
128	14	9	7	35
128	11	9	7	48
128	12	9	7	59
128	12	9	7	57
129	16	9	8	33
129	14	9	8	35
129	11	9	8	48
132	13	9	8	31
132	16	9	8	33
132	11	9	8	48
133	14	9	8	35
134	14	9	8	35
135	13	9	8	31
136	14	9	8	35
136	14	9	8	35
139	14	9	8	35
140	13	9	8	31
140	14	9	8	35
143	13	9	8	31
143	14	9	8	35
144	14	9	9	35
148	14	9	9	35
148	13	9	9	31
150	14	9	9	35
151	14	9	9	35
151	14	9	9	35
151	13	9	9	31
154	14	9	9	35
155	13	9	9	31
155	14	9	9	35
158	14	9	9	35
158	13	9	9	31
159	11	9	9	43
159	14	9	9	35
162	11	9	10	43
163	11	9	10	43
163	13	9	10	31
163	14	9	10	35
164	14	9	10	35
165	13	9	10	31
165	11	9	10	43
166	11	9	10	43
166	14	9	10	35
166	14	9	10	35
169	14	9	10	35
169	11	9	10	43
170	11	9	10	43
170	13	9	10	31
170	14	9	10	35
173	11	9	10	43
173	14	9	10	35
173	13	9	10	31
174	11	9	10	43
174	12	9	10	57
174	14	9	10	35
174	16	9	10	33
175	14	9	11	35
176	14	9	11	35
177	14	9	11	35
177	16	9	11	33
177	12	9	11	57
177	11	9	11	43
178	11	9	11	43
178	12	9	11	57
178	13	9	11	31
178	14	9	11	35
178	16	9	11	33
179	14	9	11	35
180	14	9	11	35
181	14	9	11	35
181	16	9	11	33
181	13	9	11	31
181	12	9	11	57
181	11	9	11	43
182	11	9	11	43
182	12	9	11	57
182	14	9	11	35
182	16	9	11	33
183	14	9	11	35
184	14	9	11	35
185	14	9	11	35
185	16	9	11	33
185	12	9	11	57
185	11	9	11	43
186	11	9	11	43
186	12	9	11	57
186	13	9	11	31
186	14	9	11	35
186	16	9	11	33
188	14	9	11	35
188	14	9	11	35
189	16	9	11	33
189	13	9	11	31
189	12	9	11	57
189	11	9	11	43
190	11	9	11	48
190	12	9	11	57
190	13	9	11	31
190	14	9	11	35
190	15	9	11	29
190	16	9	11	33
190	14	9	11	35
197	16	9	12	33
197	11	9	12	48
197	12	9	12	57
197	13	9	12	31
197	14	9	12	35
197	15	9	12	29
199	11	9	12	43
199	12	9	12	57
199	13	9	12	31
199	14	9	12	35
199	15	9	12	29
199	16	9	12	33
207	11	9	12	43
207	15	9	12	29
207	14	9	12	35
207	13	9	12	31
207	12	9	12	57
207	16	9	12	33
208	16	9	12	33
208	15	9	12	29
208	14	9	12	35
208	13	9	12	31
208	12	9	12	57
208	12	9	12	59
208	11	9	12	43
209	11	9	12	43
210	11	9	12	43
211	11	9	13	43
211	11	9	13	43
212	11	9	13	43
212	11	9	13	43
213	11	9	13	43
213	11	9	13	43
214	11	9	13	43
214	11	9	13	43
215	11	9	13	43
216	11	9	13	43
216	14	9	13	35
216	13	9	13	31
216	16	9	13	33
217	11	9	13	43
217	11	9	13	43
218	11	9	13	43
218	11	9	13	43
219	11	9	13	43
219	11	9	13	43
220	11	9	13	43
221	11	9	13	43
222	11	9	13	43
222	11	9	13	43
223	11	9	13	43
223	11	9	13	43
224	11	9	13	43
224	12	9	13	57
224	12	9	13	59
224	15	9	13	29
224	11	9	13	43
225	11	9	13	43
226	11	9	13	43
227	11	9	13	43
227	11	9	13	43
228	14	9	13	35
228	13	9	13	31
228	11	9	13	43
232	14	9	14	35
232	13	9	14	31
232	14	9	14	35
232	13	9	14	31
236	13	9	14	31
236	14	9	14	35
237	14	9	14	35
240	14	9	14	35
241	14	9	14	35
241	13	9	14	31
244	14	9	14	35
244	13	9	14	31
249	14	9	15	35
249	13	9	15	31
252	14	9	15	35
252	13	9	15	31
253	14	9	15	35
253	13	9	15	31
256	14	9	15	35
256	13	9	15	31
261	16	9	15	33
261	15	9	15	29
261	14	9	15	35
261	13	9	15	31
263	14	9	15	35
263	14	9	15	35
264	13	9	16	31
264	15	9	16	29
264	16	9	16	33
265	13	9	16	31
265	14	9	16	35
265	15	9	16	29
265	16	9	16	33
265	14	9	16	35
267	16	9	16	33
267	14	9	16	35
267	16	9	16	33
267	14	9	16	35
268	16	9	16	33
268	14	9	16	35
268	13	9	16	31
269	13	9	16	31
269	14	9	16	35
269	16	9	16	33
270	14	9	16	35
271	14	9	16	35
271	15	9	16	29
272	14	9	16	35
272	16	9	16	33
272	13	9	16	31
273	13	9	16	31
273	14	9	16	35
273	15	9	16	29
273	16	9	16	33
274	14	9	16	35
275	14	9	16	35
276	16	9	16	33
276	14	9	16	35
276	15	9	16	29
276	13	9	16	31
277	14	9	16	35
278	14	9	16	35
278	14	9	16	35
280	11	9	17	43
280	13	9	17	31
280	14	9	17	35
280	15	9	17	29
280	16	9	17	33
280	14	9	17	35
282	14	9	17	35
282	14	9	17	35
283	11	9	17	43
283	16	9	17	33
283	15	9	17	29
283	13	9	17	31
284	15	9	17	29
284	14	9	17	35
284	13	9	17	31
284	11	9	17	48
284	16	9	17	33
284	14	9	17	35
287	11	9	17	48
287	13	9	17	31
287	14	9	17	35
287	15	9	17	29
287	16	9	17	33
288	14	9	17	35
290	14	9	17	35
290	14	9	17	35
292	14	9	17	35
292	13	9	17	31
292	14	9	17	35
295	14	9	18	35
295	13	9	18	31
296	14	9	18	35
296	13	9	18	31
299	14	9	18	35
299	13	9	18	31
300	14	9	18	35
304	14	9	18	35
304	13	9	18	31
304	14	9	18	35
308	14	9	18	35
308	13	9	18	31
313	14	9	19	35
313	13	9	19	31
316	13	9	19	31
316	14	9	19	35
317	14	9	19	35
317	13	9	19	31
320	14	9	19	35
320	13	9	19	31
325	13	9	19	31
325	14	9	19	35
325	15	9	19	29
325	16	9	19	33
326	14	9	19	35
327	14	9	19	35
328	14	9	20	35
328	16	9	19	33
328	15	9	19	29
328	13	9	19	31
329	13	9	20	31
329	14	9	20	35
329	16	9	20	33
329	15	9	20	29
330	14	9	20	35
330	16	9	20	33
331	14	9	20	35
331	16	9	20	33
332	14	9	20	35
332	16	9	20	33
332	13	9	20	31
333	13	9	20	31
333	14	9	20	35
333	16	9	20	33
334	14	9	20	35
335	15	9	20	29
335	14	9	20	35
336	15	9	20	29
336	13	9	20	31
336	14	9	20	35
336	16	9	20	33
336	13	9	20	31
336	16	9	20	33
336	14	9	20	35
338	14	9	20	35
338	14	9	20	35
340	14	9	20	35
340	13	9	20	31
340	15	9	20	29
340	16	9	20	33
340	14	9	20	35
342	14	9	20	35
342	14	9	20	35
344	11	9	21	50
344	13	9	21	31
344	14	9	21	35
344	15	9	21	29
344	16	9	21	33
344	14	9	20	35
346	14	9	21	35
346	14	9	21	35
347	16	9	21	33
347	15	9	21	29
347	13	9	21	31
347	11	9	21	50
348	11	9	21	50
348	13	9	21	31
348	14	9	21	35
348	15	9	21	29
348	16	9	21	33
348	14	9	21	35
351	16	9	21	33
351	15	9	21	29
351	14	9	21	35
351	13	9	21	31
351	11	9	21	50
352	14	9	21	35
353	14	9	21	35
354	14	9	21	35
355	14	9	21	35
356	14	9	21	35
359	14	9	21	35
360	13	9	21	31
360	14	9	21	35
362	14	9	22	35
362	14	9	22	35
363	13	9	22	31
364	14	9	22	35
364	13	9	22	31
364	14	9	22	35
367	14	9	22	35
367	13	9	22	31
368	14	9	22	35
370	14	9	22	35
370	14	9	22	35
372	13	9	22	31
372	14	9	22	35
372	14	9	22	35
375	13	9	22	31
375	14	9	22	35
376	15	9	22	29
376	11	9	22	43
376	13	9	22	31
376	14	9	22	35
376	16	9	22	33
379	11	9	23	43
379	13	9	23	31
379	14	9	23	35
379	15	9	23	29
379	16	9	23	33
380	11	9	23	48
380	13	9	23	31
380	14	9	23	35
380	15	9	23	29
380	16	9	23	33
383	11	9	23	48
383	13	9	23	31
383	14	9	23	35
383	15	9	23	29
383	16	9	23	33
384	14	9	23	35
384	13	9	23	31
386	14	9	23	35
386	14	9	23	35
387	13	9	23	31
388	14	9	23	35
388	14	9	23	35
391	14	9	23	35
392	14	9	23	35
392	13	9	23	31
394	14	9	24	35
394	14	9	24	35
396	14	9	24	35
396	13	9	24	31
396	13	9	24	31
396	14	9	24	35
400	14	9	24	35
400	14	9	24	35
400	13	9	24	31
402	14	9	24	35
402	14	9	24	35
404	14	9	24	35
405	13	9	24	31
405	14	9	24	35
408	13	9	24	31
408	14	9	24	35
409	11	9	24	43
409	13	9	24	31
409	14	9	24	35
409	15	9	24	29
409	16	9	24	33
412	16	9	25	33
412	14	9	25	35
412	13	9	25	31
412	11	9	25	43
412	15	9	25	29
413	11	9	25	48
413	13	9	25	31
413	14	9	25	35
413	16	9	25	33
413	15	9	25	29
416	16	9	25	33
416	14	9	25	35
416	13	9	25	31
416	11	9	25	48
416	15	9	25	29
427	11	9	26	52
428	11	9	26	52
428	11	9	26	52
429	11	9	26	52
429	12	9	26	57
429	15	9	26	29
429	16	9	26	33
429	11	9	26	52
436	15	9	26	29
436	16	9	26	33
436	11	9	26	52
436	12	9	26	57
444	11	9	27	52
445	11	9	27	52
445	11	9	27	52
446	16	9	27	33
446	15	9	27	29
446	12	9	27	57
446	11	9	27	52
446	11	9	27	52
453	16	9	27	33
453	15	9	27	29
453	12	9	27	57
453	11	9	27	52
528	11	9	32	43
528	12	9	32	57
528	13	9	32	31
528	14	9	32	35
528	15	9	32	29
528	16	9	32	33
531	11	9	32	43
531	12	9	32	57
531	13	9	32	31
531	14	9	32	35
531	15	9	32	29
531	16	9	32	33
532	11	9	32	43
532	12	9	32	57
532	13	9	32	31
532	14	9	32	35
532	15	9	32	29
532	16	9	32	33
534	14	9	32	35
534	14	9	32	35
536	11	9	32	48
536	12	9	32	59
536	12	9	32	57
536	13	9	32	31
536	14	9	32	35
536	15	9	32	29
536	16	9	32	33
536	11	9	32	43
536	12	9	32	57
536	13	9	32	31
536	15	9	32	29
536	16	9	32	33
536	14	9	32	35
537	11	9	32	48
537	11	9	32	48
538	11	9	32	48
538	11	9	32	48
539	11	9	32	48
539	11	9	32	48
540	11	9	32	48
540	11	9	32	48
541	11	9	32	48
541	11	9	32	48
542	11	9	32	48
542	11	9	32	48
543	11	9	33	48
543	11	9	33	48
543	16	9	32	33
543	14	9	32	35
544	11	9	33	48
544	11	9	33	48
545	11	9	33	48
546	11	9	33	48
546	11	9	33	48
547	11	9	33	48
547	11	9	33	48
548	11	9	33	48
548	11	9	33	48
549	11	9	33	48
549	11	9	33	48
550	11	9	33	48
550	11	9	33	48
551	11	9	33	48
551	11	9	33	48
552	11	9	33	48
552	11	9	33	48
553	11	9	33	48
553	11	9	33	48
554	11	9	33	48
554	11	9	33	48
555	11	9	33	48
556	11	9	33	48
556	11	9	33	48
557	11	9	33	48
557	11	9	33	48
558	11	9	33	48
558	11	9	33	48
559	11	9	33	48
559	11	9	33	48
560	11	9	33	48
560	11	9	33	48
561	11	9	34	48
561	11	9	34	48
562	11	9	34	48
562	11	9	34	48
563	11	9	34	48
563	11	9	34	48
564	11	9	34	48
564	11	9	34	48
565	11	9	34	48
565	11	9	34	48
566	11	9	34	48
566	12	9	34	59
566	12	9	34	57
566	13	9	34	31
566	15	9	34	29
566	11	9	34	48
567	11	9	34	48
567	11	9	34	48
568	11	9	34	48
568	11	9	34	48
569	11	9	34	48
1470	11	9	86	43
1471	11	9	86	43
1471	11	9	86	43
1472	11	9	86	43
1473	11	9	86	43
1474	11	9	87	43
1474	11	9	87	43
1476	11	9	87	43
1476	11	9	87	43
1478	11	9	87	43
1478	11	9	87	43
1479	11	9	87	43
1480	11	9	87	43
1481	11	9	87	43
1482	11	9	87	43
1483	11	9	87	43
1484	11	9	87	43
1485	11	9	87	43
1486	11	9	87	43
1488	11	9	87	43
1488	11	9	87	43
1490	11	9	87	43
1490	11	9	87	43
1492	11	9	87	43
1493	11	9	87	43
1495	11	9	87	43
1495	11	9	87	43
1496	11	9	87	43
1496	11	9	87	43
1497	11	9	87	43
1497	11	9	87	43
1498	11	9	87	43
1503	11	9	88	48
1506	11	9	88	48
1511	11	9	88	48
1514	11	9	88	48
1519	11	9	89	48
1522	11	9	89	48
1527	11	9	89	48
1531	11	9	89	48
1536	11	9	90	48
1539	11	9	90	48
1544	11	9	90	48
1547	11	9	90	48
1548	11	9	90	48
1551	11	9	91	48
1556	11	9	91	48
1559	11	9	91	48
1564	11	9	91	48
1568	11	9	92	48
1573	11	9	92	48
1576	11	9	92	48
1581	11	9	92	48
1584	11	9	92	48
1589	11	9	93	48
1592	11	9	93	48
1597	11	9	93	48
1600	11	9	93	48
1605	11	9	94	48
1609	11	9	94	48
1614	11	9	94	48
1617	11	9	94	48
1622	11	9	95	48
1625	11	9	95	48
1638	11	9	96	48
1641	11	9	96	48
1642	11	9	96	48
1645	11	9	96	48
1655	11	9	97	48
1658	11	9	97	48
1659	11	9	97	48
1662	11	9	97	48
1671	11	9	98	48
1674	11	9	98	48
1675	11	9	98	48
1678	11	9	98	48
1688	11	9	99	48
1691	11	9	99	48
1692	11	9	99	48
1695	11	9	99	48
1696	12	9	99	57
1696	12	9	99	59
1704	11	9	100	48
1707	11	9	100	48
1708	11	9	100	48
1709	12	9	100	57
1709	12	9	100	59
1711	11	9	100	48
1712	12	9	100	59
1712	12	9	100	57
1721	11	9	101	48
1724	11	9	101	48
1725	11	9	101	48
1726	12	9	101	57
1726	12	9	101	59
1728	11	9	101	48
1737	11	9	102	48
1740	11	9	102	48
1750	11	9	102	48
1753	11	9	103	48
1758	11	9	103	48
1761	11	9	103	48
1762	11	9	103	48
1765	11	9	103	48
1827	11	9	107	48
1830	11	9	107	48
1840	11	9	108	48
1843	11	9	108	48
1852	11	9	109	48
1855	11	9	109	48
1860	11	9	109	48
1863	11	9	109	48
1872	11	9	110	48
1876	11	9	110	48
1885	11	9	111	48
1888	11	9	111	48
1944	11	9	114	43
1945	11	9	114	43
1945	11	9	114	43
1946	11	9	114	43
1947	11	9	114	43
1948	11	9	114	43
1948	11	9	114	43
1949	11	9	114	43
1949	11	9	114	43
1951	11	9	114	43
1951	11	9	114	43
1952	11	9	114	43
1952	11	9	114	43
1954	11	9	114	43
1954	11	9	114	43
1955	11	9	115	43
1955	11	9	115	43
1957	11	9	115	43
1957	11	9	115	43
1958	11	9	115	43
1959	11	9	115	43
1960	11	9	115	43
1960	11	9	115	43
1962	11	9	115	43
1962	11	9	115	43
1964	11	9	115	43
1964	11	9	115	43
1966	11	9	115	43
1966	11	9	115	43
1968	11	9	115	43
1968	11	9	115	43
1970	11	9	115	48
1970	11	9	115	43
1975	11	9	115	48
1978	11	9	116	43
1983	11	9	116	43
1986	11	9	116	48
1992	11	9	116	48
1994	11	9	117	43
2000	11	9	117	43
2003	11	9	117	48
2008	11	9	117	48
2011	11	9	118	43
2016	11	9	118	43
2019	11	9	118	48
2024	11	9	118	48
2027	11	9	119	43
2032	11	9	119	43
2035	11	9	119	48
2040	11	9	119	48
2043	11	9	119	43
2049	11	9	120	43
2051	11	9	120	48
2057	11	9	120	48
2060	11	9	120	43
2065	11	9	121	43
2068	11	9	121	48
2073	11	9	121	48
2076	11	9	121	43
2081	11	9	122	43
2084	11	9	122	48
2089	11	9	122	48
2092	11	9	122	43
2098	11	9	123	43
2109	11	9	123	48
2112	11	9	124	48
2113	11	9	124	48
2116	11	9	124	48
2125	11	9	124	48
2128	11	9	125	48
2129	11	9	125	48
2132	11	9	125	48
2141	11	9	125	48
2144	11	9	126	48
2145	11	9	126	48
2148	11	9	126	48
2157	11	9	126	48
2161	11	9	127	48
2162	11	9	127	48
2165	11	9	127	48
4407	11	9	176	48
4410	11	9	176	48
4419	11	9	177	48
4422	11	9	177	48
4431	11	9	178	48
4434	11	9	178	48
4439	11	9	178	48
4442	11	9	178	48
4451	11	9	179	48
4454	11	9	179	48
4463	11	9	180	48
4467	11	9	180	48
4619	11	9	189	43
4620	11	9	189	43
4621	11	9	189	43
4622	11	9	189	43
4622	11	9	189	43
4623	11	9	189	43
4624	11	9	189	43
4625	11	9	189	43
4625	11	9	189	43
4626	11	9	189	43
4627	11	9	189	43
4628	11	9	189	43
4628	11	9	189	43
4629	11	9	190	43
4630	11	9	190	43
4631	11	9	190	43
4631	11	9	190	43
4632	11	9	190	43
4633	11	9	190	43
4634	11	9	190	43
4634	11	9	190	43
4635	11	9	190	43
4636	11	9	190	43
4637	11	9	190	43
4637	11	9	190	43
4638	11	9	190	43
4639	11	9	190	43
4640	11	9	190	43
4640	11	9	190	43
4641	11	9	190	43
4642	11	9	190	43
4643	11	9	190	48
4643	11	9	190	43
4648	11	9	190	48
4651	11	9	191	43
4656	11	9	191	43
4658	11	9	191	48
4664	11	9	191	48
4666	11	9	192	43
4671	11	9	192	43
4674	11	9	192	48
4679	11	9	192	48
4681	11	9	193	43
4687	11	9	193	43
4689	11	9	193	48
4694	11	9	193	48
4697	11	9	194	43
4702	11	9	194	43
4704	11	9	194	48
4709	11	9	194	48
4712	11	9	195	43
4717	11	9	195	43
4719	11	9	195	48
4725	11	9	195	48
4727	11	9	196	43
4732	11	9	196	43
4735	11	9	196	48
4740	11	9	196	48
4742	11	9	197	43
4748	11	9	197	43
4750	11	9	197	48
4755	11	9	197	48
4758	11	9	198	43
4763	11	9	198	43
4773	11	9	199	48
4776	11	9	199	48
4777	11	9	199	48
4780	11	9	199	48
4789	11	9	200	48
4792	11	9	200	48
4793	11	9	200	48
4796	11	9	200	48
4805	11	9	201	48
4808	11	9	201	48
4809	11	9	201	48
4812	11	9	201	48
4821	11	9	202	48
4824	11	9	202	48
4825	11	9	202	48
4828	11	9	202	48
4829	12	9	202	59
4829	12	9	202	57
4842	12	9	203	59
4842	12	9	203	57
4845	12	9	203	59
4845	12	9	203	57
4858	12	9	204	57
4877	12	9	205	59
4957	13	9	210	31
4957	14	9	210	35
4959	14	9	210	35
4959	14	9	210	35
4960	13	9	210	31
4961	13	9	210	31
4961	14	9	210	35
4961	14	9	210	35
4963	14	9	210	35
4963	14	9	210	35
4964	13	9	210	31
4965	13	9	211	31
4965	14	9	211	35
4965	14	9	211	35
4967	14	9	211	35
4967	14	9	211	35
4968	13	9	211	31
4969	13	9	211	31
4969	14	9	211	35
4969	14	9	211	35
4971	14	9	211	35
4971	14	9	211	35
4972	13	9	211	31
4973	14	9	211	35
4973	14	9	211	35
4975	14	9	211	35
4975	14	9	211	35
4977	11	9	211	43
4977	12	9	211	57
4977	13	9	211	31
4977	14	9	211	35
4977	15	9	211	29
4977	16	9	211	33
4977	14	9	211	35
4979	14	9	211	35
4979	14	9	211	35
4980	16	9	211	33
4980	15	9	211	29
4980	13	9	211	31
4980	12	9	211	57
4980	11	9	211	43
4981	11	9	212	48
4981	12	9	212	57
4981	13	9	212	31
4981	14	9	212	35
4981	15	9	212	29
4981	16	9	212	33
4981	14	9	212	35
4984	11	9	212	48
4984	12	9	212	57
4984	13	9	212	31
4984	14	9	212	35
4984	15	9	212	29
4984	16	9	212	33
4985	14	9	212	35
4987	14	9	212	35
4987	14	9	212	35
4989	13	9	212	31
4989	14	9	212	35
4989	14	9	212	35
4991	14	9	212	35
4991	14	9	212	35
4992	13	9	212	31
4993	13	9	212	31
4993	14	9	212	35
4993	14	9	212	35
4995	14	9	212	35
4995	14	9	212	35
4996	13	9	212	31
4997	13	9	213	31
4997	14	9	213	35
4997	14	9	213	35
4999	14	9	213	35
4999	14	9	213	35
5000	13	9	213	31
5001	13	9	213	31
5001	14	9	213	35
5001	14	9	213	35
5003	14	9	213	35
5003	14	9	213	35
5004	13	9	213	31
5005	14	9	213	35
5005	14	9	213	35
5007	14	9	213	35
5007	14	9	213	35
5009	12	9	213	57
5009	13	9	213	31
5009	14	9	213	35
5009	15	9	213	29
5009	16	9	213	33
5009	11	9	213	43
5009	14	9	213	35
5011	14	9	213	35
5011	14	9	213	35
5012	11	9	213	43
5012	12	9	213	57
5012	13	9	213	31
5012	15	9	213	29
5012	16	9	213	33
5013	11	9	214	48
5013	12	9	214	57
5013	13	9	214	31
5013	14	9	214	35
5013	15	9	214	29
5013	16	9	214	33
5013	14	9	214	35
5015	14	9	214	35
5015	14	9	214	35
5016	11	9	214	48
5016	12	9	214	57
5016	13	9	214	31
5016	15	9	214	29
5016	16	9	214	33
5017	14	9	214	35
5017	14	9	214	35
5019	14	9	214	35
5019	14	9	214	35
5021	13	9	214	31
5021	14	9	214	35
5021	14	9	214	35
5023	14	9	214	35
5023	14	9	214	35
5024	13	9	214	31
5025	14	9	214	35
5025	13	9	214	31
5025	14	9	214	35
5027	14	9	214	35
5027	14	9	214	35
5028	13	9	214	31
5029	13	9	215	31
5029	14	9	215	35
5029	14	9	215	35
5031	14	9	215	35
5031	14	9	215	35
5032	13	9	215	31
5033	13	9	215	31
5033	14	9	215	35
5033	14	9	215	35
5035	14	9	215	35
5035	14	9	215	35
5036	13	9	215	31
5037	14	9	215	35
5037	14	9	215	35
5039	14	9	215	35
5039	14	9	215	35
5041	11	9	215	43
5041	12	9	215	57
5041	13	9	215	31
5041	14	9	215	35
5041	15	9	215	29
5041	16	9	215	33
5041	14	9	215	35
5043	14	9	215	35
5043	14	9	215	35
5044	11	9	215	43
5044	16	9	215	33
5044	15	9	215	29
5044	13	9	215	31
5044	12	9	215	57
5045	11	9	216	48
5045	12	9	216	57
5045	13	9	216	31
5045	14	9	216	35
5045	15	9	216	29
5045	16	9	216	33
5045	14	9	216	35
5048	11	9	216	48
5048	12	9	216	57
5048	13	9	216	31
5048	14	9	216	35
5048	15	9	216	29
5048	16	9	216	33
5049	14	9	216	35
5051	14	9	216	35
5051	14	9	216	35
5053	13	9	216	31
5053	14	9	216	35
5053	14	9	216	35
5055	14	9	216	35
5055	14	9	216	35
5056	13	9	216	31
5057	13	9	216	31
5057	14	9	216	35
5057	14	9	216	35
5059	14	9	216	35
5059	14	9	216	35
5060	13	9	216	31
5061	13	9	217	31
5061	14	9	217	35
5061	14	9	217	35
5063	14	9	217	35
5063	14	9	217	35
5064	13	9	217	31
5065	13	9	217	31
5065	14	9	217	35
5065	14	9	217	35
5067	14	9	217	35
5067	14	9	217	35
5068	13	9	217	31
5069	14	9	217	35
5069	14	9	217	35
5072	14	9	217	35
5073	16	9	217	33
5073	15	9	217	29
5073	14	9	217	35
5073	13	9	217	31
5073	12	9	217	57
5073	11	9	217	43
5076	16	9	217	33
5076	15	9	217	29
5076	14	9	217	35
5076	13	9	217	31
5076	12	9	217	57
5076	11	9	217	43
5077	11	9	218	48
5077	12	9	218	57
5077	13	9	218	31
5077	14	9	218	35
5077	15	9	218	29
5077	16	9	218	33
5080	11	9	218	48
5080	12	9	218	57
5080	13	9	218	31
5080	14	9	218	35
5080	16	9	218	33
5080	15	9	218	29
5081	14	9	218	35
5083	14	9	218	35
5083	14	9	218	35
5085	15	9	218	29
5085	14	9	218	35
5085	13	9	218	31
5085	14	9	218	35
5088	14	9	218	35
5088	15	9	218	29
5088	13	9	218	31
5089	11	9	218	43
5089	12	9	218	57
5089	13	9	218	31
5089	14	9	218	35
5089	15	9	218	29
5089	16	9	218	33
5092	16	9	218	33
5092	15	9	218	29
5092	14	9	218	35
5092	13	9	218	31
5092	12	9	218	57
5092	11	9	218	43
5093	11	9	219	48
5093	12	9	219	57
5093	13	9	219	31
5093	14	9	219	35
5093	15	9	219	29
5093	16	9	219	33
5096	11	9	219	48
5096	12	9	219	57
5096	13	9	219	31
5096	14	9	219	35
5096	15	9	219	29
5096	16	9	219	33
5097	14	9	219	35
5099	14	9	219	35
5099	14	9	219	35
5101	15	9	219	29
5101	14	9	219	35
5101	13	9	219	31
5101	14	9	219	35
5104	14	9	219	35
5104	15	9	219	29
5104	13	9	219	31
5105	11	9	219	43
5105	12	9	219	57
5105	13	9	219	31
5105	14	9	219	35
5105	15	9	219	29
5105	16	9	219	33
5108	16	9	219	33
5108	15	9	219	29
5108	14	9	219	35
5108	13	9	219	31
5108	12	9	219	57
5108	11	9	219	43
5109	11	9	220	48
5109	12	9	220	57
5109	13	9	220	31
5109	14	9	220	35
5109	15	9	220	29
5109	16	9	220	33
5112	11	9	220	48
5112	12	9	220	57
5112	13	9	220	31
5112	14	9	220	35
5112	15	9	220	29
5112	16	9	220	33
5113	14	9	220	35
5115	14	9	220	35
5115	14	9	220	35
5117	15	9	220	29
5117	14	9	220	35
5117	13	9	220	31
5117	14	9	220	35
5120	13	9	220	31
5120	15	9	220	29
5120	14	9	220	35
5121	11	9	220	43
5121	12	9	220	57
5121	13	9	220	31
5121	14	9	220	35
5121	15	9	220	29
5121	16	9	220	33
5124	16	9	220	33
5124	15	9	220	29
5124	14	9	220	35
5124	13	9	220	31
5124	12	9	220	57
5124	11	9	220	43
5125	11	9	221	48
5125	12	9	221	57
5125	13	9	221	31
5125	14	9	221	35
5125	15	9	221	29
5125	16	9	221	33
5128	11	9	221	48
5128	12	9	221	57
5128	13	9	221	31
5128	14	9	221	35
5128	15	9	221	29
5128	16	9	221	33
5129	14	9	221	35
5131	14	9	221	35
5131	14	9	221	35
5133	15	9	221	29
5133	14	9	221	35
5133	13	9	221	31
5133	14	9	221	35
5136	13	9	221	31
5136	15	9	221	29
5136	14	9	221	35
5137	11	9	221	43
5137	12	9	221	57
5137	13	9	221	31
5137	14	9	221	35
5137	15	9	221	29
5137	16	9	221	33
5140	16	9	221	33
5140	15	9	221	29
5140	14	9	221	35
5140	13	9	221	31
5140	12	9	221	57
5140	11	9	221	43
5141	11	9	222	48
5141	12	9	222	57
5141	13	9	222	31
5141	14	9	222	35
5141	15	9	222	29
5141	16	9	222	33
5144	11	9	222	48
5144	12	9	222	57
5144	13	9	222	31
5144	14	9	222	35
5144	15	9	222	29
5144	16	9	222	33
5145	14	9	222	35
5147	14	9	222	35
5147	14	9	222	35
5149	14	9	222	35
5149	14	9	222	35
5150	14	9	222	35
5150	14	9	222	35
5151	14	9	222	35
5151	14	9	222	35
5153	14	9	222	35
5155	11	9	222	52
5156	11	9	222	52
5156	11	9	222	52
5157	16	9	223	33
5157	15	9	223	29
5157	12	9	223	57
5157	12	9	223	59
5157	11	9	223	52
5157	11	9	223	52
5163	14	9	223	35
5164	14	9	223	35
5164	14	9	223	35
5164	16	9	223	33
5164	12	9	223	57
5164	15	9	223	29
5164	11	9	223	52
5165	14	9	223	35
5165	14	9	223	35
5168	14	9	223	35
5171	11	9	223	52
5172	11	9	223	52
5172	11	9	223	52
5173	11	9	224	52
5173	16	9	224	33
5173	15	9	224	29
5173	12	9	224	57
5173	12	9	224	59
5173	11	9	224	52
5180	16	9	224	33
5180	15	9	224	29
5180	12	9	224	57
5180	11	9	224	52
5189	12	9	225	59
5204	12	9	225	59
5249	11	9	228	43
5252	11	9	229	43
5253	11	9	229	43
5256	11	9	229	43
5257	11	9	229	48
5260	11	9	229	48
5287	14	9	231	35
5287	16	9	231	33
5287	15	9	231	29
5287	13	9	231	31
5289	14	9	231	35
5289	14	9	231	35
5290	13	9	231	31
5290	15	9	231	29
5290	16	9	231	33
5291	15	9	231	29
5291	16	9	231	33
5291	13	9	231	31
5291	14	9	231	35
5291	14	9	231	35
5293	14	9	231	35
5293	14	9	231	35
5294	13	9	231	31
5294	15	9	231	29
5294	16	9	231	33
5295	14	9	231	35
5295	13	9	231	31
5295	14	9	231	35
5295	15	9	231	29
5295	16	9	231	33
5296	14	9	232	35
5297	14	9	232	35
5298	13	9	232	31
5298	15	9	232	29
5298	16	9	232	33
5298	14	9	232	35
5299	13	9	232	31
5299	14	9	232	35
5299	15	9	232	29
5299	16	9	232	33
5300	14	9	232	35
5301	14	9	232	35
5302	14	9	232	35
5302	15	9	232	29
5302	13	9	232	31
5302	16	9	232	33
5303	13	9	232	31
5303	14	9	232	35
5303	15	9	232	29
5303	16	9	232	33
5306	16	9	232	33
5306	15	9	232	29
5306	14	9	232	35
5306	13	9	232	31
5306	16	9	232	33
5306	15	9	232	29
5306	14	9	232	35
5306	13	9	232	31
5307	14	9	232	35
5307	14	9	232	35
5308	14	9	232	35
5308	14	9	232	35
5309	14	9	232	35
5309	14	9	232	35
5310	14	9	232	35
5310	14	9	232	35
5311	14	9	232	35
5311	14	9	232	35
5312	16	9	233	33
5312	15	9	233	29
5312	14	9	233	35
5312	14	9	233	35
5312	13	9	233	31
5313	14	9	233	35
5313	14	9	233	35
5314	14	9	233	35
5314	13	9	233	31
5314	14	9	233	35
5314	15	9	233	29
5314	16	9	233	33
5317	13	9	233	31
5317	14	9	233	35
5317	15	9	233	29
5317	16	9	233	33
5318	13	9	233	31
5318	16	9	233	33
5318	15	9	233	29
5318	14	9	233	35
5324	13	9	233	31
5324	14	9	233	35
5324	15	9	233	29
5324	16	9	233	33
5325	11	9	233	43
5325	12	9	233	57
5325	13	9	233	31
5325	14	9	233	35
5325	15	9	233	29
5325	16	9	233	33
5328	11	9	234	43
5328	12	9	234	57
5328	13	9	234	31
5328	14	9	234	35
5328	15	9	234	29
5328	16	9	234	33
5329	11	9	234	43
5329	12	9	234	57
5329	13	9	234	31
5329	14	9	234	35
5329	15	9	234	29
5329	16	9	234	33
5331	14	9	234	35
5331	14	9	234	35
5332	16	9	234	33
5332	15	9	234	29
5332	13	9	234	31
5332	12	9	234	57
5332	11	9	234	43
5333	16	9	234	33
5333	15	9	234	29
5333	14	9	234	35
5333	13	9	234	31
5333	12	9	234	57
5333	11	9	234	48
5333	14	9	234	35
5336	11	9	234	48
5336	12	9	234	57
5336	13	9	234	31
5336	14	9	234	35
5336	15	9	234	29
5336	16	9	234	33
